BERYLLIUM   LANL SESAME #2020 DATED: 70573 101582
     81     4.00000000E+00 9.01200000E+00 1.84500000E+00    4772
  1.01000000E+02 2.30000000E+01 0.00000000E+00 1.44140625E-02 2.75015700E-02
  4.05900000E-02 7.79512500E-02 1.15312500E-01 1.90649939E-01 2.65988115E-01
  3.41325000E-01 4.98150000E-01 6.45750000E-01 7.84125000E-01 9.22500000E-01
  1.03072622E+00 1.15312500E+00 1.28124992E+00 1.34671532E+00 1.47600000E+00
  1.59051731E+00 1.69266056E+00 1.79126216E+00 1.84500000E+00 1.86363635E+00
  1.89230765E+00 1.96276635E+00 2.03867334E+00 2.12068913E+00 2.20958123E+00
  2.30625000E+00 2.41176371E+00 2.52739724E+00 2.65467641E+00 2.79545544E+00
  2.95200000E+00 3.09563694E+00 3.17010299E+00 3.24823874E+00 3.33032463E+00
  3.41666694E+00 3.50760515E+00 3.60351563E+00 3.69000000E+00 3.81198402E+00
  3.92553270E+00 4.04605179E+00 4.17420734E+00 4.31074841E+00 4.45652186E+00
  4.61250000E+00 4.95967734E+00 5.15363112E+00 5.36337257E+00 5.59090904E+00
  5.83860767E+00 6.10927101E+00 6.42857225E+00 6.75824238E+00 7.12355238E+00
  7.38000000E+00 7.75210145E+00 8.23660767E+00 8.50230428E+00 8.78571473E+00
  9.22500000E+00 9.76190423E+00 1.01373636E+01 1.05428577E+01 1.15312500E+01
  1.19805186E+01 1.31785712E+01 1.47600000E+01 1.64732135E+01 1.84500000E+01
  2.02747235E+01 2.19642822E+01 2.39610335E+01 2.63571350E+01 2.92857219E+01
  3.29464233E+01 3.69000000E+01 4.39285644E+01 5.27142884E+01 6.58928651E+01
  9.22500000E+01 1.31785712E+02 1.84500000E+02 2.30625000E+02 3.07500062E+02
  3.69000000E+02 5.07375000E+02 6.41137500E+02 7.79512500E+02 9.22500000E+02
  1.12821750E+03 1.34223750E+03 1.64389500E+03 1.84500000E+03 3.69000000E+03
  9.22500000E+03 1.84500000E+04 3.69000000E+04 0.00000000E+00 2.49996769E-05
  4.99993537E-05 9.99987075E-05 1.99997415E-04 4.99993537E-04 6.99990952E-04
  9.99987075E-04 1.99997415E-03 4.99993537E-03 9.99987075E-03 1.99997415E-02
  4.99993537E-02 9.99987075E-02 1.99997415E-01 2.99996122E-01 4.99993537E-01
  9.99987075E-01 1.99997415E+00 4.99993537E+00 9.99987075E+00 1.99997415E+01
  3.19995864E+01 0.00000000E+00-8.48574153E+10-8.48574153E+10-8.48574153E+10
-8.48574153E+10-8.48574153E+10-8.48574153E+10-8.48574153E+10-8.48574153E+10
-8.48574153E+10-8.48574153E+10-8.48574153E+10-8.48574153E+10-8.48574153E+10
-8.48574153E+10-8.48574153E+10-8.48574153E+10-8.48574153E+10-8.48574153E+10
-8.48574153E+10-3.32875999E+10 0.00000000E+00 1.23271949E+10 3.17826775E+10
  8.21410438E+10 1.40493530E+11 2.08392703E+11 2.87759826E+11 3.80993480E+11
  4.91119154E+11 6.21988069E+11 7.78543801E+11 9.66368106E+11 1.18957790E+12
  1.41062919E+12 1.53137226E+12 1.66259055E+12 1.80544121E+12 1.96123986E+12
  2.13148365E+12 2.31788813E+12 2.49201426E+12 2.74737129E+12 2.99534735E+12
  3.26940242E+12 3.57310453E+12 3.91062528E+12 4.28686542E+12 4.70764379E+12
  5.71505575E+12 6.31348509E+12 6.99692229E+12 7.77689699E+12 8.67159088E+12
  9.70354997E+12 1.09938282E+13 1.24086561E+13 1.40743529E+13 1.53050545E+13
  1.71806310E+13 1.97818118E+13 2.12844316E+13 2.29465378E+13 2.56434719E+13
  2.91382588E+13 3.17114417E+13 3.46095192E+13 4.21888615E+13 4.58742763E+13
  5.64305325E+13 7.19718773E+13 9.08452743E+13 1.15215869E+14 1.40141317E+14
  1.65270378E+14 1.97674388E+14 2.39652363E+14 2.96349866E+14 3.75030850E+14
  4.69549901E+14 6.61405217E+14 9.42729009E+14 1.44762865E+15 2.73910253E+15
  5.32954793E+15 9.90227455E+15 1.48742566E+16 2.50283423E+16 3.47294994E+16
  6.13167626E+16 9.35616522E+16 1.31116287E+17 1.74390594E+17 2.44580681E+17
  3.27483943E+17 4.61329998E+17 5.61533511E+17 1.88151555E+18 9.86236824E+18
  3.42690571E+19 1.07494033E+20 0.00000000E+00-8.12640276E+10-8.12640276E+10
-8.12640276E+10-8.12640276E+10-8.12640276E+10-8.12640276E+10-8.12640276E+10
-8.12640276E+10-8.12640276E+10-8.12640276E+10-8.12640276E+10-8.12640276E+10
-8.12640276E+10-8.12640276E+10-8.12640276E+10-8.12640276E+10-8.12640276E+10
-8.12640276E+10-8.12640276E+10-2.97441760E+10 3.49455543E+09 1.58067871E+10
  3.52387311E+10 8.55327904E+10 1.43808128E+11 2.11617753E+11 2.90882087E+11
  3.83999468E+11 4.93995911E+11 6.24722826E+11 7.81124099E+11 9.68783248E+11
  1.19181794E+12 1.41271828E+12 1.53338659E+12 1.66452952E+12 1.80730396E+12
  1.96302561E+12 2.13319259E+12 2.31951991E+12 2.49357981E+12 2.74884894E+12
  2.99674843E+12 3.27072766E+12 3.57435498E+12 3.91180183E+12 4.28796934E+12
  4.70867673E+12 5.71595209E+12 6.31431601E+12 6.99769002E+12 7.77760394E+12
  8.67223938E+12 9.70414263E+12 1.09943639E+13 1.24091415E+13 1.40747906E+13
  1.53054629E+13 1.71810021E+13 1.97821420E+13 2.12847423E+13 2.29468296E+13
  2.56437379E+13 2.91384980E+13 3.17116646E+13 3.46097264E+13 4.21890372E+13
  4.58744401E+13 5.64306705E+13 7.19719901E+13 9.08453674E+13 1.15215946E+14
  1.40141383E+14 1.65270435E+14 1.97674437E+14 2.39652405E+14 2.96349902E+14
  3.75030879E+14 4.69549926E+14 6.61405236E+14 9.42729023E+14 1.44762866E+15
  2.73910254E+15 5.32954793E+15 9.90227455E+15 1.48742566E+16 2.50283423E+16
  3.47294994E+16 6.13167626E+16 9.35616522E+16 1.31116287E+17 1.74390594E+17
  2.44580681E+17 3.27483943E+17 4.61329998E+17 5.61533511E+17 1.88151555E+18
  9.86236824E+18 3.42690571E+19 1.07494033E+20 0.00000000E+00-7.03874860E+10
-7.03874860E+10-7.03874860E+10-7.03874860E+10-7.03874860E+10-7.03874860E+10
-7.03874860E+10-7.03874860E+10-7.03874860E+10-7.03874860E+10-7.03874860E+10
-7.03874860E+10-7.03874860E+10-7.03874860E+10-7.03874860E+10-7.03874860E+10
-7.03874860E+10-7.03874860E+10-7.03874860E+10-1.84634845E+10 1.49552430E+10
  2.73423950E+10 4.68830727E+10 9.74241618E+10 1.55931225E+11 2.23958014E+11
  3.03419016E+11 3.96706885E+11 5.06841981E+11 6.37669095E+11 7.94124854E+11
  9.81788842E+11 1.20475920E+12 1.42555483E+12 1.54614902E+12 1.67720670E+12
  1.81988120E+12 1.97548611E+12 2.14551857E+12 2.33169396E+12 2.50560812E+12
  2.76066422E+12 3.00835526E+12 3.28210512E+12 3.58548063E+12 3.92265401E+12
  4.29852918E+12 4.71891721E+12 5.72549366E+12 6.32347340E+12 7.00644320E+12
  7.78593410E+12 8.68012835E+12 9.71157124E+12 1.10012861E+13 1.24155792E+13
  1.40807366E+13 1.53110908E+13 1.71862042E+13 1.97868506E+13 2.12892073E+13
  2.29510523E+13 2.56476213E+13 2.91420170E+13 3.17149578E+13 3.46127987E+13
  4.21916579E+13 4.58768883E+13 5.64327375E+13 7.19736829E+13 9.08467653E+13
  1.15217097E+14 1.40142363E+14 1.65271293E+14 1.97675180E+14 2.39653041E+14
  2.96350438E+14 3.75031324E+14 4.69550298E+14 6.61405521E+14 9.42729240E+14
  1.44762882E+15 2.73910263E+15 5.32954799E+15 9.90227459E+15 1.48742566E+16
  2.50283423E+16 3.47294994E+16 6.13167626E+16 9.35616522E+16 1.31116287E+17
  1.74390594E+17 2.44580681E+17 3.27483943E+17 4.61329998E+17 5.61533511E+17
  1.88151555E+18 9.86236824E+18 3.42690571E+19 1.07494033E+20 0.00000000E+00
-4.45589236E+10-4.45589236E+10-4.45589236E+10-4.45589236E+10-4.45589236E+10
-4.45589236E+10-4.45589236E+10-4.45589236E+10-4.45589236E+10-4.45589236E+10
-4.45589236E+10-4.45589236E+10-4.45589236E+10-4.45589236E+10-4.45589236E+10
-4.45589236E+10-4.45589236E+10-4.45589236E+10-4.45589236E+10 8.78949445E+09
  4.29276350E+10 5.55969339E+10 7.55666177E+10 1.27138004E+11 1.86717709E+11
  2.55842902E+11 3.36451619E+11 4.30919668E+11 5.42280160E+11 6.74364885E+11
  8.32126179E+11 1.02111388E+12 1.24543753E+12 1.46737362E+12 1.58851015E+12
  1.72012439E+12 1.86333926E+12 2.01948575E+12 2.19005581E+12 2.37675230E+12
  2.55111644E+12 2.80673738E+12 3.05491491E+12 3.32912264E+12 3.63292670E+12
  3.97050729E+12 4.34673588E+12 4.76743167E+12 5.77446742E+12 6.37256588E+12
  7.05556492E+12 7.83498180E+12 8.72898241E+12 9.76009261E+12 1.10492982E+13
  1.24629145E+13 1.41272141E+13 1.53568921E+13 1.72309559E+13 1.98301334E+13
  2.13316484E+13 2.29925743E+13 2.56877106E+13 2.91803416E+13 3.17520588E+13
  3.46485958E+13 4.22243846E+13 4.59082889E+13 5.64608413E+13 7.19979950E+13
  9.08676523E+13 1.15234784E+14 1.40157686E+14 1.65284822E+14 1.97686978E+14
  2.39663185E+14 2.96359023E+14 3.75038456E+14 4.69556274E+14 6.61410094E+14
  9.42732716E+14 1.44763132E+15 2.73910419E+15 5.32954894E+15 9.90227520E+15
  1.48742570E+16 2.50283426E+16 3.47294996E+16 6.13167628E+16 9.35616524E+16
  1.31116287E+17 1.74390594E+17 2.44580681E+17 3.27483943E+17 4.61329998E+17
  5.61533511E+17 1.88151555E+18 9.86236824E+18 3.42690571E+19 1.07494033E+20
  0.00000000E+00 1.07243693E+04 1.07243693E+04 1.07243693E+04 1.07243693E+04
  1.07243693E+04 1.07243693E+04 1.07243693E+04 1.07243693E+04 1.07243693E+04
  1.07243693E+04 1.07243693E+04 1.07243693E+04 1.07243693E+04 1.07243693E+04
  1.07243693E+04 1.07243693E+04 1.07243693E+04 1.07243693E+04 9.52343356E+09
  6.61436305E+10 1.01973193E+11 1.15307563E+11 1.36293059E+11 1.90314609E+11
  2.52467512E+11 3.24313616E+11 4.07807934E+11 5.05347407E+11 6.19962748E+11
  7.55517164E+11 9.17008065E+11 1.11000692E+12 1.33863076E+12 1.56441731E+12
  1.68751458E+12 1.82112963E+12 1.96641932E+12 2.12471958E+12 2.29753281E+12
  2.48655004E+12 2.66294861E+12 2.92139198E+12 3.17216054E+12 3.44904450E+12
  3.75560579E+12 4.09607221E+12 4.47529963E+12 4.89907504E+12 5.91266800E+12
  6.51422093E+12 7.20079389E+12 7.98389810E+12 8.88169045E+12 9.91672551E+12
  1.12101730E+13 1.26278274E+13 1.42962076E+13 1.55285005E+13 1.74059731E+13
  2.00090225E+13 2.15123798E+13 2.31750987E+13 2.58725754E+13 2.93674669E+13
  3.19403861E+13 3.48378965E+13 4.24148665E+13 4.60987783E+13 5.66500676E+13
  7.21831849E+13 9.10464004E+13 1.15404465E+14 1.40318259E+14 1.65436721E+14
  1.97828700E+14 2.39793274E+14 2.96475988E+14 3.75140975E+14 4.69645562E+14
  6.61481129E+14 9.42787873E+14 1.44767147E+15 2.73912913E+15 5.32956422E+15
  9.90228496E+15 1.48742643E+16 2.50283477E+16 3.47295037E+16 6.13167655E+16
  9.35616544E+16 1.31116289E+17 1.74390596E+17 2.44580682E+17 3.27483944E+17
  4.61329999E+17 5.61533511E+17 1.88151555E+18 9.86236824E+18 3.42690571E+19
  1.07494033E+20 0.00000000E+00 5.20056139E+08 5.20056139E+08 5.20056139E+08
  5.20056139E+08 5.20056139E+08 5.20056139E+08 5.20056139E+08 5.20056139E+08
  5.20056139E+08 5.20056139E+08 5.20056139E+08 5.20056139E+08 5.20056139E+08
  5.20056139E+08 5.20056139E+08 1.54646004E+10 6.00375332E+10 1.12234774E+11
  1.69881085E+11 2.36251580E+11 2.81741031E+11 2.97147696E+11 3.21301143E+11
  3.83009081E+11 4.53297194E+11 5.33779425E+11 6.26468203E+11 7.33837938E+11
  8.59000355E+11 1.00591914E+12 1.17966914E+12 1.38598772E+12 1.62917603E+12
  1.86806166E+12 1.99787610E+12 2.13852392E+12 2.29116079E+12 2.45711737E+12
  2.63791482E+12 2.83529474E+12 3.01918566E+12 3.28811051E+12 3.54850803E+12
  3.83553557E+12 4.15280141E+12 4.50457592E+12 4.89579601E+12 5.33230163E+12
  6.37365091E+12 6.99042543E+12 7.69328391E+12 8.49390940E+12 9.41047932E+12
  1.04656448E+13 1.17824386E+13 1.32239045E+13 1.49180029E+13 1.61679608E+13
  1.80707697E+13 2.07059123E+13 2.22263909E+13 2.39071347E+13 2.66320278E+13
  3.01591539E+13 3.27541982E+13 3.56748945E+13 4.33057368E+13 4.70128702E+13
  5.76227401E+13 7.32254880E+13 9.21551232E+13 1.16578311E+14 1.41542669E+14
  1.66700305E+14 1.99129726E+14 2.41128748E+14 2.97839340E+14 3.76521088E+14
  4.71026640E+14 6.62831469E+14 9.44066115E+14 1.44881308E+15 2.74000761E+15
  5.33016600E+15 9.90268341E+15 1.48745643E+16 2.50285560E+16 3.47296694E+16
  6.13168775E+16 9.35617388E+16 1.31116356E+17 1.74390650E+17 2.44580726E+17
  3.27483979E+17 4.61330026E+17 5.61533536E+17 1.88151557E+18 9.86236825E+18
  3.42690571E+19 1.07494033E+20 0.00000000E+00 1.10068717E+09 2.06600108E+09
  2.93525543E+09 4.06861810E+09 4.06861810E+09 4.06861810E+09 4.06861810E+09
  4.06861810E+09 4.06861810E+09 4.06861810E+09 4.06861810E+09 5.13330065E+09
  1.87657543E+10 4.21512504E+10 7.71764870E+10 9.97443833E+10 1.54604963E+11
  2.15662807E+11 2.80913742E+11 3.54277577E+11 4.01896007E+11 4.18698434E+11
  4.44986218E+11 5.11875799E+11 5.87652976E+11 6.73967796E+11 7.72853794E+11
  8.86840117E+11 1.01910584E+12 1.17368332E+12 1.35572941E+12 1.57108094E+12
  1.82416022E+12 2.07205069E+12 2.20650238E+12 2.35195639E+12 2.50960551E+12
  2.68080362E+12 2.86708973E+12 3.07022517E+12 3.25927845E+12 3.53544313E+12
  3.80253893E+12 4.09663570E+12 4.42137624E+12 4.78101428E+12 5.18054539E+12
  5.62599037E+12 6.68706489E+12 7.31476511E+12 8.02931226E+12 8.84242107E+12
  9.77248368E+12 1.08424152E+13 1.21765851E+13 1.36356145E+13 1.53490163E+13
  1.66124313E+13 1.85346147E+13 2.11948005E+13 2.27289137E+13 2.44239551E+13
  2.71707465E+13 3.07248656E+13 3.33382297E+13 3.62785204E+13 4.39567830E+13
  4.76850781E+13 5.83501868E+13 7.40233724E+13 9.30258704E+13 1.17529506E+14
  1.42563944E+14 1.67783142E+14 2.00281792E+14 2.42357900E+14 2.99154403E+14
  3.77932078E+14 4.72526077E+14 6.64454750E+14 9.45790214E+14 1.45060178E+15
  2.74173146E+15 5.33161326E+15 9.90377110E+15 1.48754209E+16 2.50291662E+16
  3.47301576E+16 6.13172082E+16 9.35619879E+16 1.31116553E+17 1.74390812E+17
  2.44580853E+17 3.27484084E+17 4.61330109E+17 5.61533608E+17 1.88151560E+18
  9.86236826E+18 3.42690571E+19 1.07494033E+20 0.00000000E+00 1.57844181E+09
  3.00295621E+09 4.35536658E+09 7.69880812E+09 1.03439590E+10 1.42448256E+10
  1.71637526E+10 1.98805226E+10 2.71453122E+10 3.85419954E+10 5.54849915E+10
  8.04074930E+10 1.06637608E+11 1.44596127E+11 1.95024476E+11 2.25443954E+11
  2.95616537E+11 3.69856113E+11 4.46414637E+11 5.30171381E+11 5.82219100E+11
  6.01110933E+11 6.30593443E+11 7.05237497E+11 7.89226824E+11 8.84265016E+11
  9.92463062E+11 1.11642890E+12 1.25941454E+12 1.42555750E+12 1.62014026E+12
  1.84915230E+12 2.11720201E+12 2.37859793E+12 2.51998101E+12 2.67266617E+12
  2.83786870E+12 3.01696693E+12 3.21152694E+12 3.42334002E+12 3.62017785E+12
  3.90726178E+12 4.18446214E+12 4.48922522E+12 4.82524620E+12 5.19687163E+12
  5.60918996E+12 6.06814612E+12 7.15904618E+12 7.80327386E+12 8.53559527E+12
  9.36787913E+12 1.03186985E+13 1.14110515E+13 1.27713751E+13 1.42575216E+13
  1.60007901E+13 1.72850653E+13 1.92371282E+13 2.19357644E+13 2.34908352E+13
  2.52082334E+13 2.79897390E+13 3.15855449E+13 3.42278825E+13 3.71993077E+13
  4.49524257E+13 4.87146356E+13 5.94683546E+13 7.52567228E+13 9.43804589E+13
  1.19020329E+14 1.44177459E+14 1.69506693E+14 2.02131626E+14 2.44354278E+14
  3.01322029E+14 3.80300549E+14 4.75097827E+14 6.67349940E+14 9.49023938E+14
  1.45422319E+15 2.74576847E+15 5.33568818E+15 9.90742023E+15 1.48785937E+16
  2.50316402E+16 3.47322060E+16 6.13186341E+16 9.35630681E+16 1.31117409E+17
  1.74391514E+17 2.44581408E+17 3.27484537E+17 4.61330468E+17 5.61533923E+17
  1.88151575E+18 9.86236831E+18 3.42690572E+19 1.07494033E+20 0.00000000E+00
  4.03702184E+09 7.53945093E+09 1.08319783E+10 1.86225495E+10 2.63630038E+10
  4.22654464E+10 5.79562894E+10 7.39215683E+10 1.10624069E+11 1.51199281E+11
  1.96443580E+11 2.50435076E+11 3.06339843E+11 3.78892696E+11 4.66408252E+11
  5.16027988E+11 6.24441265E+11 7.32741148E+11 8.39687915E+11 9.52680433E+11
  1.02058732E+12 1.04386902E+12 1.08010443E+12 1.17133970E+12 1.27319734E+12
  1.38753528E+12 1.51664380E+12 1.66334106E+12 1.83112887E+12 2.02444088E+12
  2.24891677E+12 2.51097740E+12 2.81576039E+12 3.11084523E+12 3.26968823E+12
  3.44068985E+12 3.62513062E+12 3.82446010E+12 4.04032334E+12 4.27459914E+12
  4.49168750E+12 4.81149167E+12 5.11923729E+12 5.45651029E+12 5.82719708E+12
  6.23586300E+12 6.68784230E+12 7.18936317E+12 8.37545025E+12 9.07310774E+12
  9.86339987E+12 1.07587875E+13 1.17785436E+13 1.29464975E+13 1.43963532E+13
  1.59753096E+13 1.78218339E+13 1.91788397E+13 2.12367733E+13 2.40738296E+13
  2.57050656E+13 2.75038980E+13 3.04119982E+13 3.41435511E+13 3.68805385E+13
  3.99539362E+13 4.79545783E+13 5.18288356E+13 6.28800168E+13 7.90582685E+13
  9.86011317E+13 1.23720800E+14 1.49295596E+14 1.75007483E+14 2.08080018E+14
  2.50833737E+14 3.08442443E+14 3.88210869E+14 4.83848705E+14 6.77585093E+14
  9.61059829E+14 1.46886694E+15 2.76537021E+15 5.36158091E+15 9.94072197E+15
  1.49154738E+16 2.50733912E+16 3.47772080E+16 6.13696515E+16 9.36188039E+16
  1.31177297E+17 1.74455146E+17 2.44649728E+17 3.27557103E+17 4.61408238E+17
  5.61614781E+17 1.88161731E+18 9.86250406E+18 3.42692253E+19 1.07494240E+20
  0.00000000E+00 1.47993245E+10 2.60329864E+10 3.63485697E+10 6.53685278E+10
  9.41005905E+10 1.52712578E+11 2.18810142E+11 2.87081156E+11 4.45908733E+11
  6.10878569E+11 7.78520541E+11 9.59682051E+11 1.10750653E+12 1.28370128E+12
  1.47905327E+12 1.58342844E+12 1.79914873E+12 2.00145129E+12 2.19131328E+12
  2.38344393E+12 2.49408710E+12 2.53099894E+12 2.58818070E+12 2.73077451E+12
  2.88778268E+12 3.06150860E+12 3.25475816E+12 3.47095213E+12 3.71430604E+12
  3.99009652E+12 4.30497627E+12 4.66658469E+12 5.08154836E+12 5.47727318E+12
  5.68812726E+12 5.91358665E+12 6.15511312E+12 6.41435356E+12 6.69317124E+12
  6.99368635E+12 7.27036917E+12 7.67397949E+12 8.05952348E+12 8.47915502E+12
  8.93717901E+12 9.43863792E+12 9.98939822E+12 1.05962991E+13 1.20158266E+13
  1.28432614E+13 1.37734078E+13 1.48199674E+13 1.60036709E+13 1.73500662E+13
  1.90095278E+13 2.08039248E+13 2.28880887E+13 2.44112645E+13 2.67093959E+13
  2.98576724E+13 3.16588755E+13 3.36384822E+13 3.68257552E+13 4.09548972E+13
  4.39705203E+13 4.73453677E+13 5.60829231E+13 6.02930718E+13 7.22425586E+13
  8.96117778E+13 1.10450705E+14 1.37072399E+14 1.64075902E+14 1.91116541E+14
  2.25765909E+14 2.70420095E+14 3.30362387E+14 4.13062243E+14 5.11881584E+14
  7.10523805E+14 1.00003619E+15 1.51673751E+15 2.83057691E+15 5.45212711E+15
  1.00637342E+16 1.50654917E+16 2.52660097E+16 3.50022291E+16 6.16635391E+16
  9.39752615E+16 1.31595370E+17 1.74934251E+17 2.45212882E+17 3.28203902E+17
  4.62167717E+17 5.62446591E+17 1.88304550E+18 9.86538910E+18 3.42741072E+19
  1.07502473E+20 0.00000000E+00 4.17897848E+10 7.56477184E+10 1.07868991E+11
  1.98073394E+11 2.87270919E+11 4.67287142E+11 6.57593624E+11 8.49811968E+11
  1.27358180E+12 1.69028853E+12 2.09441498E+12 2.51229741E+12 2.84542534E+12
  3.23085269E+12 3.64477234E+12 3.86062727E+12 4.29608409E+12 4.69253603E+12
  5.05516657E+12 5.41370605E+12 5.61488679E+12 5.67906258E+12 5.77811555E+12
  6.02323739E+12 6.29013397E+12 6.58195744E+12 6.90249388E+12 7.25630715E+12
  7.64896404E+12 8.08733315E+12 8.57997620E+12 9.13682280E+12 9.76729106E+12
  1.03593461E+13 1.06714796E+13 1.10028521E+13 1.13552622E+13 1.17307233E+13
  1.21315032E+13 1.25601690E+13 1.29519972E+13 1.35125160E+13 1.40433609E+13
  1.46164442E+13 1.52367964E+13 1.59102862E+13 1.66436979E+13 1.74449226E+13
  1.92930579E+13 2.03577096E+13 2.15426834E+13 2.28637830E+13 2.43442007E+13
  2.60123771E+13 2.80483330E+13 3.02281084E+13 3.27355713E+13 3.45536724E+13
  3.72766293E+13 4.09728468E+13 4.30721583E+13 4.53679796E+13 4.90419280E+13
  5.37838293E+13 5.72251104E+13 6.10571589E+13 7.08988810E+13 7.56063958E+13
  8.88694437E+13 1.07946630E+14 1.30606206E+14 1.59294757E+14 1.88395485E+14
  2.17370591E+14 2.54297761E+14 3.01674361E+14 3.64929394E+14 4.51749818E+14
  5.54996832E+14 7.62705573E+14 1.06369232E+15 1.59783850E+15 2.94718895E+15
  5.61459491E+15 1.02857575E+16 1.53393717E+16 2.56245733E+16 3.54272731E+16
  6.22349651E+16 9.46848748E+16 1.32445235E+17 1.75926669E+17 2.46406884E+17
  3.29603962E+17 4.63852992E+17 5.64319134E+17 1.88656217E+18 9.87342997E+18
  3.42890801E+19 1.07530273E+20 0.00000000E+00 1.08027378E+11 1.97655563E+11
  2.84387536E+11 5.26574681E+11 7.65605254E+11 1.24511223E+12 1.73776899E+12
  2.23100315E+12 3.28419099E+12 4.29268346E+12 5.25035373E+12 6.22070165E+12
  6.98063974E+12 7.84732790E+12 8.76349805E+12 9.23540992E+12 1.01754744E+13
  1.10177685E+13 1.17772174E+13 1.25180896E+13 1.29273511E+13 1.30610855E+13
  1.32670721E+13 1.37745785E+13 1.43235305E+13 1.49194158E+13 1.55687276E+13
  1.62791974E+13 1.70601484E+13 1.79228924E+13 1.88813380E+13 1.99518563E+13
  2.11517488E+13 2.22647024E+13 2.28463211E+13 2.34600573E+13 2.41086744E+13
  2.47952364E+13 2.55231749E+13 2.62963448E+13 2.69983539E+13 2.79622278E+13
  2.88670339E+13 2.98355109E+13 3.08746274E+13 3.19924601E+13 3.31982516E+13
  3.45027128E+13 3.74631724E+13 3.91448066E+13 4.09936090E+13 4.30310663E+13
  4.52870384E+13 4.77978152E+13 5.08215983E+13 5.40146285E+13 5.76374378E+13
  6.02340702E+13 6.40804760E+13 6.92291204E+13 7.21201894E+13 7.52570277E+13
  8.02276568E+13 8.63919820E+13 9.08176921E+13 9.57039023E+13 1.08078426E+14
  1.13921092E+14 1.30166110E+14 1.53088429E+14 1.79810432E+14 2.13069662E+14
  2.46503778E+14 2.79425502E+14 3.20942935E+14 3.73732094E+14 4.43475238E+14
  5.38231137E+14 6.49856540E+14 8.74114652E+14 1.19549593E+15 1.75973832E+15
  3.16791623E+15 5.94250135E+15 1.07608070E+16 1.59251091E+16 2.63917219E+16
  3.63373677E+16 6.34612805E+16 9.62113505E+16 1.34277783E+17 1.78071622E+17
  2.48995624E+17 3.32648508E+17 4.67531637E+17 5.68415923E+17 1.89437789E+18
  9.89175716E+18 3.43239613E+19 1.07596600E+20 0.00000000E+00 3.40764913E+11
  6.35201915E+11 9.24197839E+11 1.73378331E+12 2.53247790E+12 4.12685999E+12
  5.72594750E+12 7.31780136E+12 1.06430413E+13 1.37744427E+13 1.67114684E+13
  1.96525426E+13 2.19331461E+13 2.45129255E+13 2.72154770E+13 2.85976586E+13
  3.13308263E+13 3.37567113E+13 3.59251816E+13 3.80233173E+13 3.91711433E+13
  3.95590294E+13 4.01558132E+13 4.16226548E+13 4.32035275E+13 4.49125908E+13
  4.67663962E+13 4.87844543E+13 5.09900655E+13 5.34110884E+13 5.60813577E+13
  5.90412734E+13 6.23375677E+13 6.53699708E+13 6.69452242E+13 6.86005175E+13
  7.03422239E+13 7.21773451E+13 7.41136723E+13 7.61598887E+13 7.80086172E+13
  8.05388505E+13 8.28984990E+13 8.54078816E+13 8.80819154E+13 9.09377430E+13
  9.39947279E+13 9.72752057E+13 1.04617064E+14 1.08736798E+14 1.13214809E+14
  1.18096263E+14 1.23438867E+14 1.29311774E+14 1.36288223E+14 1.43547571E+14
  1.51659768E+14 1.57398062E+14 1.65789152E+14 1.76832053E+14 1.82944811E+14
  1.89510177E+14 1.99779433E+14 2.12101174E+14 2.20809992E+14 2.30301871E+14
  2.53820675E+14 2.64692753E+14 2.94247823E+14 3.34532768E+14 3.79828435E+14
  4.34249688E+14 4.85376328E+14 5.34417109E+14 5.94690143E+14 6.69606564E+14
  7.65892302E+14 8.93141117E+14 1.03910998E+15 1.31955849E+15 1.70822121E+15
  2.36849467E+15 3.95568950E+15 7.00417589E+15 1.21659603E+16 1.76751122E+16
  2.87136107E+16 3.91146703E+16 6.72579211E+16 1.00987747E+17 1.40063093E+17
  1.84895362E+17 2.57307209E+17 3.42501486E+17 4.79547786E+17 5.81868948E+17
  1.92087496E+18 9.95658303E+18 3.44513872E+19 1.07846884E+20 0.00000000E+00
  7.34235304E+11 1.38828995E+12 2.03704806E+12 3.87108108E+12 5.69371093E+12
  9.35189289E+12 1.30160388E+13 1.66729260E+13 2.42677434E+13 3.14038594E+13
  3.80893793E+13 4.47742692E+13 4.99343120E+13 5.57626649E+13 6.18576936E+13
  6.49703472E+13 7.11156227E+13 7.65583882E+13 8.14137298E+13 8.61022036E+13
  8.86604372E+13 8.95301961E+13 9.08679846E+13 9.41541154E+13 9.76923282E+13
  1.01513308E+14 1.05652780E+14 1.10152712E+14 1.15063060E+14 1.20443245E+14
  1.26365122E+14 1.32914951E+14 1.40195652E+14 1.46877183E+14 1.50341843E+14
  1.53977934E+14 1.57798728E+14 1.61818752E+14 1.66054130E+14 1.70522776E+14
  1.74553862E+14 1.80134224E+14 1.85329173E+14 1.90843961E+14 1.96709362E+14
  2.02960623E+14 2.09637335E+14 2.16785087E+14 2.32714072E+14 2.41619262E+14
  2.51263200E+14 2.61738655E+14 2.73159366E+14 2.85660694E+14 3.00439786E+14
  3.15736906E+14 3.32735273E+14 3.44699349E+14 3.62106721E+14 3.84860472E+14
  3.97381994E+14 4.10773438E+14 4.31603561E+14 4.56558702E+14 4.74075605E+14
  4.93056773E+14 5.39609697E+14 5.60909326E+14 6.18151109E+14 6.94737103E+14
  7.79076792E+14 8.78224511E+14 9.69129047E+14 1.05470559E+15 1.15782343E+15
  1.28371907E+15 1.44173248E+15 1.64533905E+15 1.87288841E+15 2.28615971E+15
  2.83639563E+15 3.73161081E+15 5.76873806E+15 9.36202992E+15 1.51832235E+16
  2.12698516E+16 3.32146848E+16 4.43021176E+16 7.38971809E+16 1.08939013E+17
  1.49300454E+17 1.95401262E+17 2.69551652E+17 3.56466911E+17 4.95817528E+17
  5.99609615E+17 1.95051308E+18 1.00137611E+19 3.45433782E+19 1.07991094E+20
  0.00000000E+00 1.51521558E+12 2.88010000E+12 4.24155168E+12 8.12145299E+12
  1.20011926E+13 1.98322673E+13 2.77046673E+13 3.55860424E+13 5.20004415E+13
  6.74662624E+13 8.19817132E+13 9.65130012E+13 1.07733473E+14 1.20414671E+14
  1.33681890E+14 1.40458719E+14 1.53839376E+14 1.65690205E+14 1.76260556E+14
  1.86465342E+14 1.92029752E+14 1.93929542E+14 1.96851715E+14 2.04030013E+14
  2.11759191E+14 2.20105980E+14 2.29147966E+14 2.38976194E+14 2.49698915E+14
  2.61444657E+14 2.74368591E+14 2.88657587E+14 3.04537960E+14 3.19104362E+14
  3.26654757E+14 3.34576479E+14 3.42898002E+14 3.51650448E+14 3.60868328E+14
  3.70589936E+14 3.79356029E+14 3.91538498E+14 4.02874233E+14 4.14901979E+14
  4.27687458E+14 4.41305809E+14 4.55841252E+14 4.71390692E+14 5.05994784E+14
  5.25318433E+14 5.46217712E+14 5.68890828E+14 5.93575728E+14 6.20554665E+14
  6.52392043E+14 6.85278755E+14 7.21742761E+14 7.47356405E+14 7.84547635E+14
  8.33025313E+14 8.59636875E+14 8.88045292E+14 9.32127242E+14 9.85213655E+14
  1.02237065E+15 1.06253450E+15 1.16060301E+15 1.20526677E+15 1.32466560E+15
  1.48299661E+15 1.65554441E+15 1.85606773E+15 2.03875652E+15 2.20894120E+15
  2.41162219E+15 2.65643325E+15 2.95903558E+15 3.34233116E+15 3.76278136E+15
  4.50484066E+15 5.46000271E+15 6.95232920E+15 1.01553773E+16 1.54127568E+16
  2.33748919E+16 3.09209481E+16 4.51320504E+16 5.79202223E+16 9.10794853E+16
  1.29312855E+17 1.72782493E+17 2.21933671E+17 3.00245300E+17 3.91262821E+17
  5.36086787E+17 6.43364097E+17 2.02235735E+18 1.01510722E+19 3.47659434E+19
  1.08349217E+20 0.00000000E+00 2.28486168E+12 4.35013607E+12 6.41167702E+12
  1.22934729E+13 1.81824219E+13 3.00830135E+13 4.20555186E+13 5.40490962E+13
  7.90543756E+13 1.02632926E+14 1.24772131E+14 1.46941484E+14 1.64106537E+14
  1.83514095E+14 2.03825728E+14 2.14203118E+14 2.34696586E+14 2.52850067E+14
  2.69043725E+14 2.84678248E+14 2.93202417E+14 2.96120470E+14 3.00609124E+14
  3.11636595E+14 3.23511974E+14 3.36337950E+14 3.50233883E+14 3.65339814E+14
  3.81822219E+14 3.99878678E+14 4.19747649E+14 4.41716630E+14 4.66135408E+14
  4.88534463E+14 5.00144965E+14 5.12326453E+14 5.25122638E+14 5.38581277E+14
  5.52755320E+14 5.67703501E+14 5.81182000E+14 5.99966921E+14 6.17446465E+14
  6.35993144E+14 6.55708074E+14 6.76706825E+14 6.99118867E+14 7.23093154E+14
  7.76438186E+14 8.06225235E+14 8.38434707E+14 8.73372039E+14 9.11401571E+14
  9.52955118E+14 1.00197686E+15 1.05259591E+15 1.10869788E+15 1.14809054E+15
  1.20526531E+15 1.27974692E+15 1.32061121E+15 1.36421699E+15 1.43184379E+15
  1.51345097E+15 1.57053402E+15 1.63220141E+15 1.78261681E+15 1.85104439E+15
  2.03372774E+15 2.27541809E+15 2.53806779E+15 2.84231865E+15 3.11971663E+15
  3.37736951E+15 3.68316523E+15 4.05137692E+15 4.50434868E+15 5.07497097E+15
  5.69702683E+15 6.78796453E+15 8.17520298E+15 1.03087574E+16 1.47750716E+16
  2.18157813E+16 3.20852870E+16 4.15321181E+16 5.88121383E+16 7.39859318E+16
  1.12343325E+17 1.55431062E+17 2.03787417E+17 2.57871941E+17 3.43112645E+17
  4.41165893E+17 5.95664233E+17 7.09259401E+17 2.14292195E+18 1.04182247E+19
  3.52526503E+19 1.09234506E+20 0.00000000E+00 3.83362766E+12 7.31383771E+12
  1.07908475E+13 2.07256883E+13 3.06879392E+13 5.08489290E+13 7.11506040E+13
  9.15036734E+13 1.33993756E+14 1.74099869E+14 2.11780401E+14 2.49528114E+14
  2.78851760E+14 3.12024818E+14 3.46760921E+14 3.64513904E+14 3.99583013E+14
  4.30657470E+14 4.58383449E+14 4.85156723E+14 4.99753986E+14 5.04770507E+14
  5.12487793E+14 5.31450627E+14 5.51876696E+14 5.73943420E+14 5.97857021E+14
  6.23859453E+14 6.52238345E+14 6.83335023E+14 7.17561396E+14 7.55414621E+14
  7.97501863E+14 8.36116704E+14 8.56135557E+14 8.77140870E+14 8.99208161E+14
  9.22419925E+14 9.46867625E+14 9.72652699E+14 9.95904321E+14 1.02843380E+15
  1.05870817E+15 1.09083605E+15 1.12499310E+15 1.16138003E+15 1.20022169E+15
  1.24177676E+15 1.33425683E+15 1.38590904E+15 1.44176501E+15 1.50235676E+15
  1.56831586E+15 1.64039051E+15 1.72542064E+15 1.81322024E+15 1.91052540E+15
  1.97884454E+15 2.07799372E+15 2.20713362E+15 2.27797367E+15 2.35355505E+15
  2.47074661E+15 2.61265606E+15 2.71190150E+15 2.81909759E+15 3.08046230E+15
  3.19930921E+15 3.51640947E+15 3.93545705E+15 4.39015728E+15 4.91590285E+15
  5.39710658E+15 5.84334160E+15 6.37186050E+15 7.00714473E+15 7.78627312E+15
  8.76420866E+15 9.82573402E+15 1.16849909E+16 1.40285153E+16 1.75893457E+16
  2.48899010E+16 3.59557680E+16 5.14767516E+16 6.53999923E+16 8.99948990E+16
  1.10916593E+17 1.61948487E+17 2.17024125E+17 2.77569093E+17 3.44063038E+17
  4.46885058E+17 5.62946557E+17 7.42426408E+17 8.72455845E+17 2.45127103E+18
  1.11311908E+19 3.65941167E+19 1.11754595E+20 0.00000000E+00 7.69872600E+12
  1.46894413E+13 2.16783510E+13 4.16611290E+13 6.16996063E+13 1.02246045E+14
  1.43042814E+14 1.83936144E+14 2.69392595E+14 3.50084651E+14 4.25902149E+14
  5.01856268E+14 5.60959468E+14 6.27833020E+14 6.97867852E+14 7.33664537E+14
  8.04381668E+14 8.67047078E+14 9.22961345E+14 9.76954634E+14 1.00639038E+15
  1.01654154E+15 1.03215858E+15 1.07053644E+15 1.11188135E+15 1.15655324E+15
  1.20497046E+15 1.25762382E+15 1.31509675E+15 1.37808154E+15 1.44741353E+15
  1.52410165E+15 1.60938130E+15 1.68763321E+15 1.72820356E+15 1.77077481E+15
  1.81550010E+15 1.86254669E+15 1.91210000E+15 1.96436566E+15 2.01149728E+15
  2.07768508E+15 2.13929249E+15 2.20467963E+15 2.27420477E+15 2.34827729E+15
  2.42735568E+15 2.51196751E+15 2.70029530E+15 2.80550037E+15 2.91927342E+15
  3.04270183E+15 3.17707204E+15 3.32390773E+15 3.49714277E+15 3.67602174E+15
  3.87426402E+15 4.01344782E+15 4.21542998E+15 4.47848273E+15 4.62276605E+15
  4.77669257E+15 5.01532950E+15 5.30564030E+15 5.50867117E+15 5.72796174E+15
  6.26258439E+15 6.50565129E+15 7.15403920E+15 8.01045350E+15 8.93904283E+15
  1.00116686E+16 1.09971737E+16 1.19103500E+16 1.29907012E+16 1.42881708E+16
  1.58766191E+16 1.78661559E+16 2.00201627E+16 2.38163919E+16 2.85794221E+16
  3.57663695E+16 5.03096823E+16 7.20843225E+16 1.01797163E+17 1.27863336E+17
  1.72509709E+17 2.09337147E+17 2.95814548E+17 3.84798094E+17 4.80128729E+17
  5.82310294E+17 7.36093713E+17 9.04771337E+17 1.15783552E+18 1.33660095E+18
  3.35417562E+18 1.33027438E+19 4.08058910E+19 1.19914241E+20 0.00000000E+00
  1.54118234E+13 2.94275543E+13 4.34486455E+13 8.34697090E+13 1.23627696E+14
  2.04937665E+14 2.86606643E+14 3.68443281E+14 5.39317269E+14 7.00565858E+14
  8.52013008E+14 1.00368219E+15 1.12193207E+15 1.25573052E+15 1.39585463E+15
  1.46747550E+15 1.60896237E+15 1.73433677E+15 1.84620087E+15 1.95421810E+15
  2.01310242E+15 2.03345389E+15 2.06476434E+15 2.14171124E+15 2.22461233E+15
  2.31419006E+15 2.41128410E+15 2.51687953E+15 2.63214737E+15 2.75847694E+15
  2.89754463E+15 3.05137587E+15 3.22245378E+15 3.37944095E+15 3.46083464E+15
  3.54624417E+15 3.63597682E+15 3.73036820E+15 3.82979036E+15 3.93465585E+15
  4.02922146E+15 4.16220536E+15 4.28599244E+15 4.41737994E+15 4.55708825E+15
  4.70594047E+15 4.86485839E+15 5.03490272E+15 5.41340058E+15 5.62485376E+15
  5.85352946E+15 6.10161596E+15 6.37169802E+15 6.66683652E+15 7.01503546E+15
  7.37457222E+15 7.77301648E+15 8.05275028E+15 8.45867974E+15 8.98730778E+15
  9.27723785E+15 9.58652794E+15 1.00659909E+16 1.06508170E+16 1.10598207E+16
  1.15015758E+16 1.25785178E+16 1.30681204E+16 1.43740156E+16 1.60984964E+16
  1.79676710E+16 2.01257957E+16 2.21161531E+16 2.39600798E+16 2.61407834E+16
  2.87591648E+16 3.19627254E+16 3.59720396E+16 4.03084199E+16 4.79805419E+16
  5.75903258E+16 7.20504807E+16 1.01148318E+17 1.44684296E+17 2.03388399E+17
  2.54754930E+17 3.41502341E+17 4.11959521E+17 5.73966557E+17 7.35811515E+17
  9.06386641E+17 1.08620230E+18 1.35149665E+18 1.63598874E+18 2.05200012E+18
  2.33923143E+18 5.34736687E+18 1.82396857E+19 5.06016934E+19 1.39336561E+20
  0.00000000E+00 3.85351531E+13 7.35472951E+13 1.08549742E+14 2.08468097E+14
  3.08382973E+14 5.09849043E+14 7.11319798E+14 9.12786612E+14 1.33221324E+15
  1.72699157E+15 2.09711065E+15 2.46724409E+15 2.75665190E+15 3.08395661E+15
  3.42657309E+15 3.60163330E+15 3.94735379E+15 4.25358798E+15 4.52673582E+15
  4.79041646E+15 4.93412625E+15 4.98395881E+15 5.06062433E+15 5.24902734E+15
  5.45199933E+15 5.67130687E+15 5.90900281E+15 6.16749541E+15 6.44964704E+15
  6.75885329E+15 7.09921080E+15 7.47566959E+15 7.89430205E+15 8.27841996E+15
  8.47756218E+15 8.68652049E+15 8.90604531E+15 9.13695617E+15 9.38016154E+15
  9.63666867E+15 9.86796970E+15 1.01940997E+16 1.04976802E+16 1.08199047E+16
  1.11625400E+16 1.15276049E+16 1.19173598E+16 1.23344061E+16 1.32627019E+16
  1.37813157E+16 1.43421631E+16 1.49506131E+16 1.56130016E+16 1.63368305E+16
  1.71907709E+16 1.80724894E+16 1.90495865E+16 1.97355462E+16 2.07309192E+16
  2.20270778E+16 2.27379236E+16 2.34962011E+16 2.46716115E+16 2.61065452E+16
  2.71100339E+16 2.81938306E+16 3.08357539E+16 3.20367124E+16 3.52395664E+16
  3.94680421E+16 4.40498874E+16 4.93380321E+16 5.42131797E+16 5.87278736E+16
  6.40645578E+16 7.04696170E+16 7.83006968E+16 8.80934245E+16 9.86748784E+16
  1.17431945E+17 1.40891191E+17 1.76113923E+17 2.46704376E+17 3.52196391E+17
  4.93340149E+17 6.16139153E+17 8.21531899E+17 9.86612437E+17 1.36079128E+18
  1.72698366E+18 2.10834302E+18 2.50543404E+18 3.08253431E+18 3.69059066E+18
  4.56148058E+18 5.15131227E+18 1.09186928E+19 3.19932172E+19 7.78442051E+19
  1.93292522E+20 0.00000000E+00 7.70700612E+13 1.47077035E+14 2.17059133E+14
  4.16912620E+14 6.16756694E+14 1.01969064E+15 1.42249443E+15 1.82525701E+15
  2.66408711E+15 3.45374254E+15 4.19410483E+15 4.93451779E+15 5.51333748E+15
  6.16794808E+15 6.85317724E+15 7.20329336E+15 7.89472032E+15 8.50716939E+15
  9.05344164E+15 9.58077424E+15 9.86817337E+15 9.96781545E+15 1.01211104E+16
  1.04978248E+16 1.09036650E+16 1.13421621E+16 1.18174192E+16 1.23342495E+16
  1.28983738E+16 1.35165781E+16 1.41970492E+16 1.49496797E+16 1.57866079E+16
  1.65545157E+16 1.69526230E+16 1.73703484E+16 1.78091914E+16 1.82707893E+16
  1.87569573E+16 1.92697076E+16 1.97320647E+16 2.03844654E+16 2.09917597E+16
  2.16363524E+16 2.23217778E+16 2.30520739E+16 2.38317627E+16 2.46660474E+16
  2.65230634E+16 2.75605310E+16 2.86824786E+16 2.98996477E+16 3.12247098E+16
  3.26726681E+16 3.43808857E+16 3.61446477E+16 3.80991717E+16 3.94713016E+16
  4.14623200E+16 4.40549289E+16 4.54767486E+16 4.69934135E+16 4.93443486E+16
  5.22150451E+16 5.42225615E+16 5.63906969E+16 6.16756714E+16 6.40780038E+16
  7.04844978E+16 7.89417111E+16 8.81046103E+16 9.86785033E+16 1.08430489E+17
  1.17460543E+17 1.28133299E+17 1.40941301E+17 1.56597785E+17 1.76171537E+17
  1.97315829E+17 2.34873163E+17 2.81835029E+17 3.52315464E+17 4.93431747E+17
  7.04647497E+17 9.86744865E+17 1.23282225E+18 1.64363664E+18 1.97302181E+18
  2.71679991E+18 3.44017725E+18 4.19095748E+18 4.96970948E+18 6.09579570E+18
  7.27487170E+18 8.95042237E+18 1.00765912E+19 2.07616550E+19 5.65715918E+19
  1.26951249E+20 2.91397506E+20 0.00000000E+00 1.54139886E+14 2.94196613E+14
  4.34216354E+14 8.33862905E+14 1.23343212E+15 2.03901440E+15 2.84510399E+15
  3.65126388E+15 5.32892895E+15 6.90777060E+15 8.38792148E+15 9.86806493E+15
  1.10254123E+16 1.23342786E+16 1.37043386E+16 1.44043571E+16 1.57867690E+16
  1.70112539E+16 1.81034127E+16 1.91576903E+16 1.97322689E+16 1.99316507E+16
  2.02383935E+16 2.09922102E+16 2.18043282E+16 2.26818165E+16 2.36328901E+16
  2.46671856E+16 2.57961568E+16 2.70333909E+16 2.83952796E+16 2.99016312E+16
  3.15767544E+16 3.31137762E+16 3.39106315E+16 3.47467657E+16 3.56251811E+16
  3.65491567E+16 3.75223270E+16 3.85487217E+16 3.94742542E+16 4.07789987E+16
  4.19935183E+16 4.32826133E+16 4.46533489E+16 4.61137971E+16 4.76729966E+16
  4.93413484E+16 5.30547929E+16 5.51293459E+16 5.73727773E+16 5.98065579E+16
  6.24560115E+16 6.53511202E+16 6.87665032E+16 7.22928291E+16 7.62004193E+16
  7.89435751E+16 8.29238932E+16 8.81066684E+16 9.09488709E+16 9.39805933E+16
  9.86798200E+16 1.04420595E+17 1.08435128E+17 1.12770795E+17 1.23338977E+17
  1.28142697E+17 1.40952719E+17 1.57862199E+17 1.76181265E+17 1.97319459E+17
  2.16837610E+17 2.34911212E+17 2.56272708E+17 2.81908391E+17 3.13244857E+17
  3.52420644E+17 3.94737723E+17 4.69881119E+17 5.63821927E+17 7.04764315E+17
  9.86786461E+17 1.40933053E+18 1.97315442E+18 2.46612081E+18 3.28851858E+18
  3.94724107E+18 5.43220289E+18 6.87223317E+18 8.36451775E+18 9.90961102E+18
  1.21384144E+19 1.44648913E+19 1.77579360E+19 1.99625715E+19 4.05452731E+19
  1.06066523E+20 2.25991460E+20 4.89571909E+20 0.00000000E+00 2.46623669E+14
  4.70694293E+14 6.94701971E+14 1.33419405E+15 1.97356814E+15 3.26259697E+15
  4.55212008E+15 5.84168481E+15 8.52595904E+15 1.10523336E+16 1.34208456E+16
  1.57893890E+16 1.76412856E+16 1.97356388E+16 2.19279169E+16 2.30480417E+16
  2.52600924E+16 2.72194407E+16 2.89670500E+16 3.06540448E+16 3.15734513E+16
  3.18924188E+16 3.23831389E+16 3.35890716E+16 3.48882623E+16 3.62920181E+16
  3.78134778E+16 3.94680545E+16 4.12740674E+16 4.32532471E+16 4.54318098E+16
  4.78414357E+16 5.05210040E+16 5.29796316E+16 5.42542740E+16 5.55917386E+16
  5.69968267E+16 5.84747821E+16 6.00314170E+16 6.16731758E+16 6.31535915E+16
  6.52412568E+16 6.71845608E+16 6.92471938E+16 7.14404607E+16 7.37772775E+16
  7.62721074E+16 7.89415926E+16 8.48833870E+16 8.82028391E+16 9.17925118E+16
  9.56867621E+16 9.99261095E+16 1.04558527E+17 1.10023428E+17 1.15665844E+17
  1.21918310E+17 1.26307580E+17 1.32676400E+17 1.40969226E+17 1.45516951E+17
  1.50367912E+17 1.57886970E+17 1.67072402E+17 1.73495758E+17 1.80432905E+17
  1.97342052E+17 2.05027959E+17 2.25523650E+17 2.52577832E+17 2.81886551E+17
  3.15704620E+17 3.46925326E+17 3.75834177E+17 4.10000457E+17 4.51001211E+17
  5.01116425E+17 5.63764188E+17 6.31429727E+17 7.51637112E+17 9.01903884E+17
  1.12732806E+18 1.57829381E+18 2.25391631E+18 3.15501353E+18 3.94270985E+18
  5.25604113E+18 6.30730692E+18 8.67498601E+18 1.09677893E+19 1.33418312E+19
  1.57977039E+19 1.93363081E+19 2.30248773E+19 2.82369525E+19 3.17204913E+19
  6.40245784E+19 1.64644037E+20 3.42963790E+20 7.23151156E+20 2.26041524E+09
  2.26041524E+09 2.26041524E+09 2.26041524E+09 2.26041524E+09 2.26041524E+09
  2.26041524E+09 2.26041524E+09 2.26041524E+09 2.26041524E+09 2.26041524E+09
  2.26041524E+09 2.26041524E+09 2.26041524E+09 2.26041524E+09 2.26041524E+09
  2.26041524E+09 2.26041524E+09 2.26041524E+09 2.26041524E+09 2.80535709E+08
  0.00000000E+00 3.31817900E+07 2.11683777E+08 1.28070080E+09 3.37861299E+09
  6.67135507E+09 1.13575918E+10 1.76766507E+10 2.59191743E+10 3.64408853E+10
  4.96798091E+10 6.61784165E+10 8.65638183E+10 1.06950302E+11 1.18106203E+11
  1.30217145E+11 1.43367314E+11 1.57649697E+11 1.73168045E+11 1.90038214E+11
  2.05672589E+11 2.28370631E+11 2.50143287E+11 2.73894110E+11 2.99834880E+11
  3.28205884E+11 3.59281272E+11 3.93375904E+11 4.72166153E+11 5.17756130E+11
  5.68198243E+11 6.24184915E+11 6.86511803E+11 7.56132737E+11 8.40126281E+11
  9.28773617E+11 1.02907516E+12 1.10067623E+12 1.20616331E+12 1.34608725E+12
  1.42394337E+12 1.50779665E+12 1.63929175E+12 1.80229290E+12 1.91763142E+12
  2.04333250E+12 2.35410764E+12 2.49718254E+12 2.88339202E+12 3.40173773E+12
  3.97168231E+12 4.63731135E+12 5.25729437E+12 5.83473945E+12 6.52062213E+12
  7.34661563E+12 8.35774814E+12 9.62285580E+12 1.09876821E+13 1.34046504E+13
  1.64010431E+13 2.08338171E+13 2.94675212E+13 4.18865426E+13 5.76245513E+13
  7.07749151E+13 9.16727066E+13 1.07647233E+14 1.41692858E+14 1.72822563E+14
  2.03508571E+14 2.33560789E+14 2.74352589E+14 3.14319460E+14 3.67397112E+14
  4.01133252E+14 6.75498684E+14 1.36436388E+15 2.35558896E+15 4.07082461E+15
  4.44347716E+09 4.44347716E+09 4.44347716E+09 4.44347716E+09 4.44347716E+09
  4.44347716E+09 4.44347716E+09 4.44347716E+09 4.44347716E+09 4.44347716E+09
  4.44347716E+09 4.44347716E+09 4.44347716E+09 4.44347716E+09 4.44347716E+09
  4.44347716E+09 4.44347716E+09 4.44347716E+09 4.44347716E+09 4.44347716E+09
  2.25288554E+09 1.86805425E+09 1.87186965E+09 2.00644635E+09 2.97124752E+09
  4.96325117E+09 8.14906170E+09 1.27274731E+10 1.89382218E+10 2.70726830E+10
  3.74871346E+10 5.06201933E+10 6.70154000E+10 8.73004903E+10 1.07606974E+11
  1.18725311E+11 1.30799596E+11 1.43913933E+11 1.58161347E+11 1.73645868E+11
  1.90483194E+11 2.06090250E+11 2.28753204E+11 2.50496385E+11 2.74218969E+11
  3.00132793E+11 3.28478085E+11 3.59529056E+11 3.93600625E+11 4.72348752E+11
  5.17919633E+11 5.68343969E+11 6.24314169E+11 6.86625829E+11 7.56232779E+11
  8.40212666E+11 9.28848435E+11 1.02913950E+12 1.10073439E+12 1.20621388E+12
  1.34612984E+12 1.42398232E+12 1.50783217E+12 1.63932274E+12 1.80231937E+12
  1.91765526E+12 2.04335389E+12 2.35412437E+12 2.49719761E+12 2.88340366E+12
  3.40174631E+12 3.97168872E+12 4.63731611E+12 5.25729809E+12 5.83474248E+12
  6.52062455E+12 7.34661752E+12 8.35774959E+12 9.62285688E+12 1.09876829E+13
  1.34046509E+13 1.64010435E+13 2.08338173E+13 2.94675213E+13 4.18865427E+13
  5.76245513E+13 7.07749151E+13 9.16727066E+13 1.07647233E+14 1.41692858E+14
  1.72822563E+14 2.03508571E+14 2.33560789E+14 2.74352589E+14 3.14319460E+14
  3.67397112E+14 4.01133252E+14 6.75498684E+14 1.36436388E+15 2.35558896E+15
  4.07082461E+15 1.07910000E+10 1.07910000E+10 1.07910000E+10 1.07910000E+10
  1.07910000E+10 1.07910000E+10 1.07910000E+10 1.07910000E+10 1.07910000E+10
  1.07910000E+10 1.07910000E+10 1.07910000E+10 1.07910000E+10 1.07910000E+10
  1.07910000E+10 1.07910000E+10 1.07910000E+10 1.07910000E+10 1.07910000E+10
  1.07910000E+10 8.45221690E+09 7.99757314E+09 7.97061646E+09 8.05649466E+09
  8.90126612E+09 1.07619352E+10 1.38061309E+10 1.82307084E+10 2.42739419E+10
  3.22261214E+10 4.24424160E+10 5.53605297E+10 7.15246850E+10 9.15584006E+10
  1.11643789E+11 1.22649678E+11 1.34609445E+11 1.47606361E+11 1.61733116E+11
  1.77093777E+11 1.93804486E+11 2.09300628E+11 2.31813611E+11 2.53422812E+11
  2.77009174E+11 3.02784582E+11 3.30989884E+11 3.61900339E+11 3.95829465E+11
  4.74293353E+11 5.19722341E+11 5.70006156E+11 6.25837853E+11 6.88013535E+11
  7.57487258E+11 8.41329236E+11 9.29841163E+11 1.03001399E+12 1.10153617E+12
  1.20692291E+12 1.34673752E+12 1.42454232E+12 1.50834636E+12 1.63977525E+12
  1.80270903E+12 1.91800770E+12 2.04367124E+12 2.35437399E+12 2.49742287E+12
  2.88357810E+12 3.40187518E+12 3.97178501E+12 4.63738757E+12 5.25735396E+12
  5.83478789E+12 6.52066085E+12 7.34664598E+12 8.35777137E+12 9.62287308E+12
  1.09876952E+13 1.34046589E+13 1.64010486E+13 2.08338203E+13 2.94675227E+13
  4.18865432E+13 5.76245516E+13 7.07749152E+13 9.16727067E+13 1.07647233E+14
  1.41692858E+14 1.72822563E+14 2.03508571E+14 2.33560789E+14 2.74352589E+14
  3.14319460E+14 3.67397112E+14 4.01133252E+14 6.75498684E+14 1.36436388E+15
  2.35558896E+15 4.07082461E+15 2.59097200E+10 2.59097200E+10 2.59097200E+10
  2.59097200E+10 2.59097200E+10 2.59097200E+10 2.59097200E+10 2.59097200E+10
  2.59097200E+10 2.59097200E+10 2.59097200E+10 2.59097200E+10 2.59097200E+10
  2.59097200E+10 2.59097200E+10 2.59097200E+10 2.59097200E+10 2.59097200E+10
  2.59097200E+10 2.59097200E+10 2.34525959E+10 2.29739624E+10 2.29243811E+10
  2.29754134E+10 2.37347500E+10 2.55031533E+10 2.84382566E+10 3.27458909E+10
  3.86544493E+10 4.64574459E+10 5.65023683E+10 6.92306291E+10 8.51731333E+10
  1.04955649E+11 1.24807893E+11 1.35688274E+11 1.47520071E+11 1.60377241E+11
  1.74357742E+11 1.89564092E+11 2.06109017E+11 2.21458506E+11 2.43758888E+11
  2.65172992E+11 2.88550608E+11 3.14103912E+11 3.42076107E+11 3.72735496E+11
  4.06398339E+11 4.84283415E+11 5.29395304E+11 5.79342482E+11 6.34817226E+11
  6.96614784E+11 7.65688322E+11 8.49080494E+11 9.37146849E+11 1.03685541E+12
  1.10806686E+12 1.21302758E+12 1.35232816E+12 1.42986967E+12 1.51340658E+12
  1.64445062E+12 1.80695617E+12 1.92198148E+12 2.04737186E+12 2.35749375E+12
  2.50031436E+12 2.88595169E+12 3.40372752E+12 3.97322484E+12 4.63848687E+12
  5.25822751E+12 5.83550455E+12 6.52123776E+12 7.34710032E+12 8.35812020E+12
  9.62313291E+12 1.09878912E+13 1.34047864E+13 1.64011303E+13 2.08338680E+13
  2.94675442E+13 4.18865526E+13 5.76245560E+13 7.07749179E+13 9.16727081E+13
  1.07647234E+14 1.41692859E+14 1.72822564E+14 2.03508571E+14 2.33560789E+14
  2.74352589E+14 3.14319460E+14 3.67397112E+14 4.01133252E+14 6.75498684E+14
  1.36436388E+15 2.35558896E+15 4.07082461E+15 5.89276492E+10 5.89276492E+10
  5.89264256E+10 5.89263188E+10 5.89259619E+10 5.89259650E+10 5.89258457E+10
  5.89258467E+10 5.89258303E+10 5.89258232E+10 5.89258283E+10 5.89257839E+10
  5.89259343E+10 5.89256118E+10 5.89271693E+10 5.89205987E+10 5.89258857E+10
  5.88299015E+10 5.91212437E+10 5.75697301E+10 5.51894859E+10 5.46578550E+10
  5.45972613E+10 5.46313325E+10 5.53438328E+10 5.70558937E+10 5.99298449E+10
  6.41710106E+10 7.00077140E+10 7.77223289E+10 8.76642959E+10 1.00279678E+11
  1.16092466E+11 1.35715240E+11 1.55422343E+11 1.66227279E+11 1.77970230E+11
  1.90734146E+11 2.04616745E+11 2.19721688E+11 2.36156444E+11 2.51398758E+11
  2.73548013E+11 2.94824467E+11 3.18049748E+11 3.43432987E+11 3.71226457E+11
  4.01691953E+11 4.35136005E+11 5.12532215E+11 5.57363008E+11 6.07001096E+11
  6.62134567E+11 7.23554028E+11 7.92214596E+11 8.75103526E+11 9.62648730E+11
  1.06177881E+12 1.13258280E+12 1.23694725E+12 1.37547769E+12 1.45259795E+12
  1.53569177E+12 1.66604983E+12 1.82773113E+12 1.94218912E+12 2.06697648E+12
  2.37568413E+12 2.51788627E+12 2.90196109E+12 3.41786128E+12 3.98556750E+12
  4.64905070E+12 5.26739691E+12 5.84356414E+12 6.52817907E+12 7.35293606E+12
  8.36288059E+12 9.62687416E+12 1.09908241E+13 1.34067700E+13 1.64024291E+13
  2.08346347E+13 2.94678910E+13 4.18867040E+13 5.76246261E+13 7.07749602E+13
  9.16727303E+13 1.07647248E+14 1.41692866E+14 1.72822568E+14 2.03508574E+14
  2.33560791E+14 2.74352591E+14 3.14319461E+14 3.67397113E+14 4.01133252E+14
  6.75498684E+14 1.36436388E+15 2.35558896E+15 4.07082461E+15 2.71276576E+11
  2.71276576E+11 2.41118760E+11 2.26482661E+11 2.08261323E+11 1.96718106E+11
  1.87819919E+11 1.86872185E+11 1.86072296E+11 1.85688083E+11 1.85392105E+11
  1.85284809E+11 1.85173968E+11 1.85172283E+11 1.84770166E+11 1.85252179E+11
  1.81229281E+11 1.67453143E+11 1.59936639E+11 1.54997937E+11 1.52308859E+11
  1.51709718E+11 1.51640667E+11 1.51661713E+11 1.52342061E+11 1.54019323E+11
  1.56855506E+11 1.61054252E+11 1.66846346E+11 1.74512139E+11 1.84400490E+11
  1.96941272E+11 2.12667117E+11 2.32193213E+11 2.51791772E+11 2.62539523E+11
  2.74232482E+11 2.86946219E+11 3.00770017E+11 3.15805948E+11 3.32168019E+11
  3.47344883E+11 3.69398732E+11 3.90572968E+11 4.13689989E+11 4.38958378E+11
  4.66627728E+11 4.96964518E+11 5.30271278E+11 6.07317067E+11 6.51938061E+11
  7.01347825E+11 7.56241440E+11 8.17384468E+11 8.85718930E+11 9.68211752E+11
  1.05535957E+12 1.15401140E+12 1.22446170E+12 1.32832588E+12 1.46617405E+12
  1.54290005E+12 1.62557525E+12 1.75528253E+12 1.91611777E+12 2.02999866E+12
  2.15414011E+12 2.46122673E+12 2.60266903E+12 2.98469867E+12 3.49783446E+12
  4.06252813E+12 4.72251001E+12 5.33767442E+12 5.91094929E+12 6.59222184E+12
  7.41314323E+12 8.41864129E+12 9.67748448E+12 1.10364092E+13 1.34446573E+13
  1.64326711E+13 2.08565383E+13 2.94801591E+13 4.18926931E+13 5.76275018E+13
  7.07767081E+13 9.16736506E+13 1.07647863E+14 1.41693171E+14 1.72822751E+14
  2.03508694E+14 2.33560875E+14 2.74352645E+14 3.14319498E+14 3.67397137E+14
  4.01133271E+14 6.75498689E+14 1.36436388E+15 2.35558896E+15 4.07082461E+15
  5.51013527E+11 5.51013527E+11 5.32846128E+11 5.22535502E+11 4.96978296E+11
  4.67588789E+11 4.21947545E+11 3.93146712E+11 3.70462521E+11 3.39339438E+11
  3.15961440E+11 2.98951802E+11 2.91802039E+11 2.83222019E+11 2.68545791E+11
  2.52741920E+11 2.45301602E+11 2.33212034E+11 2.25322571E+11 2.20489746E+11
  2.17701252E+11 2.17071631E+11 2.17002583E+11 2.17023633E+11 2.17703991E+11
  2.19381266E+11 2.22217461E+11 2.26406978E+11 2.32184079E+11 2.39833461E+11
  2.49703791E+11 2.62224708E+11 2.77928566E+11 2.97430212E+11 3.17023408E+11
  3.27771171E+11 3.39454176E+11 3.52155171E+11 3.65965579E+11 3.80987424E+11
  3.97334660E+11 4.12498166E+11 4.34533206E+11 4.55689970E+11 4.78788485E+11
  5.04037242E+11 5.31672851E+11 5.61966263E+11 5.95249473E+11 6.72243120E+11
  7.16835150E+11 7.66202739E+11 8.21029180E+11 8.82099452E+11 9.50377092E+11
  1.03281628E+12 1.11986968E+12 1.21841763E+12 1.28879547E+12 1.39255234E+12
  1.53026671E+12 1.60691986E+12 1.68949661E+12 1.81904049E+12 1.97973303E+12
  2.09347006E+12 2.21745310E+12 2.52418705E+12 2.66545983E+12 3.04701179E+12
  3.55947820E+12 4.12338239E+12 4.78243457E+12 5.39667890E+12 5.96907034E+12
  6.64929383E+12 7.46890335E+12 8.47275505E+12 9.72953368E+12 1.10861859E+13
  1.34904528E+13 1.64736747E+13 2.08910257E+13 2.95043421E+13 4.19071579E+13
  5.76353839E+13 7.07817197E+13 9.16763572E+13 1.07649678E+14 1.41694075E+14
  1.72823294E+14 2.03509049E+14 2.33561122E+14 2.74352805E+14 3.14319609E+14
  3.67397209E+14 4.01133327E+14 6.75498702E+14 1.36436388E+15 2.35558896E+15
  4.07082461E+15 6.87741436E+11 6.87741436E+11 6.62921250E+11 6.46185364E+11
  6.18016301E+11 5.94052412E+11 5.50226607E+11 5.22102769E+11 4.97927902E+11
  4.59196769E+11 4.29922713E+11 4.07089548E+11 3.87864140E+11 3.75056628E+11
  3.62848948E+11 3.49629499E+11 3.42511472E+11 3.30729448E+11 3.23230963E+11
  3.18752894E+11 3.16430505E+11 3.15905638E+11 3.15833759E+11 3.15850450E+11
  3.16520047E+11 3.18185675E+11 3.21009230E+11 3.25191754E+11 3.30968887E+11
  3.38618305E+11 3.48488674E+11 3.61009634E+11 3.76713540E+11 3.96215238E+11
  4.15791426E+11 4.26527589E+11 4.38198433E+11 4.50886661E+11 4.64683655E+11
  4.79691389E+11 4.96023762E+11 5.11173886E+11 5.33190083E+11 5.54329343E+11
  5.77409318E+11 6.02638407E+11 6.30261119E+11 6.60553647E+11 6.93813192E+11
  7.70754441E+11 8.15317366E+11 8.64653615E+11 9.19446218E+11 9.80479841E+11
  1.04869542E+12 1.13104154E+12 1.21804735E+12 1.31654295E+12 1.38688426E+12
  1.49055493E+12 1.62813359E+12 1.70471286E+12 1.78722320E+12 1.91669275E+12
  2.07724000E+12 2.19087624E+12 2.31475116E+12 2.62118696E+12 2.76234364E+12
  3.14350201E+12 3.65546643E+12 4.21874361E+12 4.87703828E+12 5.49057393E+12
  6.06224645E+12 6.74158676E+12 7.56010999E+12 8.56257676E+12 9.81750866E+12
  1.11721445E+13 1.35726779E+13 1.65510831E+13 2.09612895E+13 2.95613119E+13
  4.19481126E+13 5.76619682E+13 7.08003770E+13 9.16873862E+13 1.07657336E+14
  1.41697992E+14 1.72825658E+14 2.03510599E+14 2.33562199E+14 2.74353505E+14
  3.14320091E+14 3.67397522E+14 4.01133573E+14 6.75498760E+14 1.36436389E+15
  2.35558896E+15 4.07082461E+15 1.06378783E+12 1.06378783E+12 9.96602312E+11
  9.65544157E+11 9.22893506E+11 8.99581593E+11 8.54304046E+11 8.24367898E+11
  7.99309005E+11 7.56546445E+11 7.24572025E+11 6.99111577E+11 6.72396252E+11
  6.53778227E+11 6.36787814E+11 6.23046667E+11 6.17550145E+11 6.09534214E+11
  6.05419610E+11 6.03991828E+11 6.04508746E+11 6.05577904E+11 6.06080658E+11
  6.06981565E+11 6.09821771E+11 6.13812567E+11 6.19122617E+11 6.25953270E+11
  6.34546747E+11 6.45196670E+11 6.58261806E+11 6.74183243E+11 6.93506717E+11
  7.16862598E+11 7.39823203E+11 7.52259090E+11 7.65674575E+11 7.80154079E+11
  7.95790769E+11 8.12688537E+11 8.30963498E+11 8.47821932E+11 8.72185764E+11
  8.95452426E+11 9.20730823E+11 9.48233369E+11 9.78200615E+11 1.01090719E+12
  1.04666831E+12 1.12889662E+12 1.17625701E+12 1.22850231E+12 1.28632305E+12
  1.35051219E+12 1.42201961E+12 1.50805437E+12 1.59861856E+12 1.70083940E+12
  1.77366896E+12 1.88077693E+12 2.02254516E+12 2.10129381E+12 2.18601230E+12
  2.31868450E+12 2.48286372E+12 2.59886584E+12 2.72515404E+12 3.03687481E+12
  3.18018696E+12 3.56655543E+12 4.08429606E+12 4.65285467E+12 5.31639946E+12
  5.93359565E+12 6.50750015E+12 7.18861566E+12 8.00845265E+12 9.01191877E+12
  1.02678063E+13 1.16228536E+13 1.40216322E+13 1.69948416E+13 2.13941881E+13
  2.99714299E+13 4.23227414E+13 5.79881370E+13 7.10870012E+13 9.19150831E+13
  1.07845103E+14 1.41814483E+14 1.72890921E+14 2.03569631E+14 2.33615713E+14
  2.74400272E+14 3.14360932E+14 3.67431347E+14 4.01163366E+14 6.75504351E+14
  1.36436702E+15 2.35559026E+15 4.07082535E+15 3.86576679E+12 3.86576679E+12
  3.53912784E+12 3.37072691E+12 3.08934872E+12 2.90728415E+12 2.69235729E+12
  2.55051464E+12 2.44111579E+12 2.27009165E+12 2.14786851E+12 2.05669228E+12
  1.98178974E+12 1.93337694E+12 1.88865336E+12 1.85109429E+12 1.83508306E+12
  1.80898875E+12 1.79135159E+12 1.77949595E+12 1.77118812E+12 1.76789908E+12
  1.76695492E+12 1.76568760E+12 1.76348065E+12 1.76244279E+12 1.76274583E+12
  1.76459494E+12 1.76823733E+12 1.77397231E+12 1.78216550E+12 1.79326656E+12
  1.80783144E+12 1.82650319E+12 1.84564979E+12 1.85626942E+12 1.86788676E+12
  1.88058763E+12 1.89446693E+12 1.90963002E+12 1.92619634E+12 1.94160822E+12
  1.96413227E+12 1.98593669E+12 2.00989459E+12 2.03623654E+12 2.06521931E+12
  2.09713775E+12 2.13232761E+12 2.21413400E+12 2.26136631E+12 2.31328506E+12
  2.37061638E+12 2.43414954E+12 2.50484560E+12 2.58984921E+12 2.67931385E+12
  2.78031924E+12 2.85231626E+12 2.95826718E+12 3.09864773E+12 3.17670163E+12
  3.26073475E+12 3.39246192E+12 3.55568150E+12 3.67112980E+12 3.79691196E+12
  4.10773186E+12 4.25076081E+12 4.63666066E+12 5.15421779E+12 5.72286499E+12
  6.38651313E+12 7.00402985E+12 7.57850977E+12 8.26013498E+12 9.08016277E+12
  1.00836713E+13 1.13396990E+13 1.26955961E+13 1.50973293E+13 1.80729448E+13
  2.24715254E+13 3.10326867E+13 4.33561504E+13 5.89918495E+13 7.20720897E+13
  9.28672470E+13 1.08772508E+14 1.42688959E+14 1.73718758E+14 2.04318434E+14
  2.34294516E+14 2.74993505E+14 3.14878976E+14 3.67860404E+14 4.01541278E+14
  6.75575260E+14 1.36440677E+15 2.35560673E+15 4.07083470E+15 1.04731073E+13
  1.04731073E+13 9.56844112E+12 9.04229367E+12 8.14266138E+12 7.62125917E+12
  6.95561711E+12 6.52658594E+12 6.21465316E+12 5.76191904E+12 5.47010260E+12
  5.26458461E+12 5.10283747E+12 4.99820362E+12 4.89709554E+12 4.80700213E+12
  4.76615878E+12 4.69426688E+12 4.63903066E+12 4.59555463E+12 4.55816864E+12
  4.53954429E+12 4.53336520E+12 4.52413366E+12 4.50279803E+12 4.48182526E+12
  4.46132582E+12 4.44143822E+12 4.42233507E+12 4.40423116E+12 4.38739614E+12
  4.37217195E+12 4.35899043E+12 4.34835260E+12 4.34191264E+12 4.33972406E+12
  4.33821866E+12 4.33746762E+12 4.33755076E+12 4.33855690E+12 4.34058906E+12
  4.34322511E+12 4.34828007E+12 4.35441122E+12 4.36230459E+12 4.37216990E+12
  4.38423843E+12 4.39877803E+12 4.41609539E+12 4.46057420E+12 4.48861285E+12
  4.52122828E+12 4.55910421E+12 4.60302728E+12 4.65394275E+12 4.71755018E+12
  4.78684214E+12 4.86746607E+12 4.92624476E+12 5.01442386E+12 5.13385074E+12
  5.20133533E+12 5.27473980E+12 5.39114654E+12 5.53774726E+12 5.64303698E+12
  5.75899433E+12 6.05014392E+12 6.18592686E+12 6.55665713E+12 7.06140351E+12
  7.62281304E+12 8.28426808E+12 8.90194168E+12 9.47643372E+12 1.01585474E+13
  1.09797683E+13 1.19850865E+13 1.32432193E+13 1.46011932E+13 1.70054171E+13
  1.99820427E+13 2.43807925E+13 3.29425987E+13 4.52666610E+13 6.08739437E+13
  7.39130321E+13 9.46588969E+13 1.10533412E+14 1.44399722E+14 1.75392764E+14
  2.05961798E+14 2.35911101E+14 2.76577515E+14 3.16434198E+14 3.69381105E+14
  4.03041820E+14 6.76947162E+14 1.36517570E+15 2.35592538E+15 4.07101562E+15
  2.48477591E+13 2.48477591E+13 2.27748579E+13 2.15764446E+13 1.95493640E+13
  1.83808068E+13 1.69168703E+13 1.59858791E+13 1.53146761E+13 1.43434010E+13
  1.37144632E+13 1.32657528E+13 1.29055438E+13 1.26684572E+13 1.24364700E+13
  1.22261270E+13 1.21292870E+13 1.19558217E+13 1.18191231E+13 1.17087069E+13
  1.16110712E+13 1.15613128E+13 1.15445485E+13 1.15191649E+13 1.14588259E+13
  1.13968714E+13 1.13332420E+13 1.12678789E+13 1.12007333E+13 1.11317648E+13
  1.10609486E+13 1.09882890E+13 1.09138220E+13 1.08375853E+13 1.07731342E+13
  1.07416389E+13 1.07099186E+13 1.06779938E+13 1.06458907E+13 1.06136397E+13
  1.05812814E+13 1.05534826E+13 1.05165366E+13 1.04845371E+13 1.04529186E+13
  1.04218002E+13 1.03913120E+13 1.03616121E+13 1.03328834E+13 1.02792891E+13
  1.02549782E+13 1.02327871E+13 1.02131839E+13 1.01967098E+13 1.01840308E+13
  1.01755875E+13 1.01735854E+13 1.01785634E+13 1.01861811E+13 1.02027526E+13
  1.02332149E+13 1.02537978E+13 1.02785444E+13 1.03220988E+13 1.03841302E+13
  1.04333062E+13 1.04911777E+13 1.06506446E+13 1.07307361E+13 1.09639843E+13
  1.13081092E+13 1.17173352E+13 1.22251166E+13 1.27225018E+13 1.32042959E+13
  1.37942765E+13 1.45247575E+13 1.54414864E+13 1.66145214E+13 1.79037199E+13
  2.02275694E+13 2.31533631E+13 2.75316262E+13 3.61043890E+13 4.84165245E+13
  6.40206300E+13 7.70572016E+13 9.78006507E+13 1.13667949E+14 1.47509052E+14
  1.78459748E+14 2.08984312E+14 2.38903388E+14 2.79534234E+14 3.19361723E+14
  3.72274496E+14 4.05915767E+14 6.79701358E+14 1.36774980E+15 2.35834958E+15
  4.07239198E+15 6.25389407E+13 6.25389407E+13 5.99583245E+13 5.82504791E+13
  5.50715181E+13 5.30060622E+13 5.02002546E+13 4.82805822E+13 4.68356978E+13
  4.46502302E+13 4.31805473E+13 4.20987721E+13 4.12068328E+13 4.06070184E+13
  4.00097734E+13 3.94577794E+13 3.91998165E+13 3.87307426E+13 3.83538279E+13
  3.80438301E+13 3.77650767E+13 3.76208933E+13 3.75720642E+13 3.74980407E+13
  3.73215623E+13 3.71395524E+13 3.69516470E+13 3.67574550E+13 3.65565543E+13
  3.63484778E+13 3.61327138E+13 3.59087164E+13 3.56758821E+13 3.54335112E+13
  3.52249073E+13 3.51215335E+13 3.50163519E+13 3.49093046E+13 3.48003358E+13
  3.46893899E+13 3.45764031E+13 3.44779053E+13 3.43438738E+13 3.42237422E+13
  3.41008970E+13 3.39752285E+13 3.38466472E+13 3.37150627E+13 3.35803805E+13
  3.33014129E+13 3.31569587E+13 3.30090964E+13 3.28578111E+13 3.27030935E+13
  3.25449844E+13 3.23719289E+13 3.22071988E+13 3.20396782E+13 3.19307215E+13
  3.17842481E+13 3.16123259E+13 3.15262967E+13 3.14404783E+13 3.13187577E+13
  3.11868554E+13 3.11045589E+13 3.10241489E+13 3.08612669E+13 3.08011893E+13
  3.06779516E+13 3.05853784E+13 3.05583255E+13 3.06023420E+13 3.07043494E+13
  3.08449742E+13 3.10586059E+13 3.13708794E+13 3.18186647E+13 3.24602885E+13
  3.32308772E+13 3.47702044E+13 3.69331321E+13 4.04507568E+13 4.79416959E+13
  5.95510287E+13 7.49974165E+13 8.80336978E+13 1.08762165E+14 1.24611199E+14
  1.58407482E+14 1.89343489E+14 2.19868613E+14 2.49788218E+14 2.90434745E+14
  3.30292908E+14 3.83269301E+14 4.16962452E+14 6.91372059E+14 1.38124549E+15
  2.37402580E+15 4.09082217E+15 1.12664486E+14 1.12664486E+14 1.10244685E+14
  1.08662333E+14 1.05653633E+14 1.03639766E+14 1.00819286E+14 9.88042452E+13
  9.72280280E+13 9.47312397E+13 9.29495146E+13 9.15819004E+13 9.04152837E+13
  8.96087692E+13 8.87856686E+13 8.80062581E+13 8.76355100E+13 8.69501654E+13
  8.63884794E+13 8.59187352E+13 8.54900414E+13 8.52658238E+13 8.51895069E+13
  8.50734586E+13 8.47950374E+13 8.45052561E+13 8.42032062E+13 8.38878835E+13
  8.35581677E+13 8.32127857E+13 8.28502929E+13 8.24690664E+13 8.20672356E+13
  8.16426101E+13 8.12716904E+13 8.10859176E+13 8.08955080E+13 8.07002384E+13
  8.04998776E+13 8.02941783E+13 8.00828693E+13 7.98970800E+13 7.96420696E+13
  7.94115100E+13 7.91736560E+13 7.89280671E+13 7.86742905E+13 7.84118362E+13
  7.81401590E+13 7.75667650E+13 7.72636871E+13 7.69486697E+13 7.66208890E+13
  7.62794094E+13 7.59232107E+13 7.55239474E+13 7.51335345E+13 7.47245524E+13
  7.44511256E+13 7.40728802E+13 7.36104602E+13 7.33701579E+13 7.31234496E+13
  7.27594660E+13 7.23414186E+13 7.20644276E+13 7.17789685E+13 7.11402708E+13
  7.08745204E+13 7.02311391E+13 6.95068259E+13 6.88538351E+13 6.82387088E+13
  6.77769722E+13 6.74237120E+13 6.70852607E+13 6.67743983E+13 6.65112461E+13
  6.63307086E+13 6.62838922E+13 6.64984882E+13 6.71658529E+13 6.87145639E+13
  7.29490144E+13 8.06990199E+13 9.21041520E+13 1.02731103E+14 1.21347524E+14
  1.36264336E+14 1.69173829E+14 1.99937665E+14 2.30464859E+14 2.60344774E+14
  3.00973070E+14 3.40834112E+14 3.93850897E+14 4.27583431E+14 7.02478136E+14
  1.39327112E+15 2.38691356E+15 4.10481226E+15 2.00961025E+14 2.00961025E+14
  1.99243539E+14 1.98055779E+14 1.95675648E+14 1.93895679E+14 1.91236798E+14
  1.89426084E+14 1.88082472E+14 1.86019484E+14 1.84583719E+14 1.83490264E+14
  1.82562585E+14 1.81919392E+14 1.81256713E+14 1.80623971E+14 1.80321126E+14
  1.79758203E+14 1.79293871E+14 1.78903534E+14 1.78545686E+14 1.78357979E+14
  1.78293969E+14 1.78196466E+14 1.77961729E+14 1.77716210E+14 1.77459016E+14
  1.77189151E+14 1.76905505E+14 1.76606809E+14 1.76291626E+14 1.75958332E+14
  1.75605052E+14 1.75229584E+14 1.74899842E+14 1.74734088E+14 1.74563785E+14
  1.74388706E+14 1.74208618E+14 1.74023268E+14 1.73832379E+14 1.73664153E+14
  1.73432518E+14 1.73222245E+14 1.73004521E+14 1.72778876E+14 1.72544831E+14
  1.72301866E+14 1.72049401E+14 1.71513437E+14 1.71228482E+14 1.70931117E+14
  1.70620451E+14 1.70295469E+14 1.69955062E+14 1.69571812E+14 1.69195365E+14
  1.68799250E+14 1.68533433E+14 1.68164416E+14 1.67711249E+14 1.67474877E+14
  1.67231581E+14 1.66871482E+14 1.66456145E+14 1.66179957E+14 1.65894093E+14
  1.65246632E+14 1.64973504E+14 1.64302488E+14 1.63528196E+14 1.62809113E+14
  1.62108122E+14 1.61558606E+14 1.61116834E+14 1.60668174E+14 1.60219860E+14
  1.59784710E+14 1.59387093E+14 1.59107569E+14 1.58903585E+14 1.59033458E+14
  1.59796944E+14 1.62582032E+14 1.68435465E+14 1.77684185E+14 1.86452389E+14
  2.01799172E+14 2.14338429E+14 2.42635028E+14 2.69776442E+14 2.97313852E+14
  3.24794229E+14 3.62693846E+14 4.00328111E+14 4.50878737E+14 4.83269361E+14
  7.51170672E+14 1.43430576E+15 2.42382902E+15 4.12979730E+15 2.90163606E+14
  2.90163606E+14 2.88297344E+14 2.87004496E+14 2.84537021E+14 2.82859269E+14
  2.80502821E+14 2.78805880E+14 2.77477119E+14 2.75351648E+14 2.73806090E+14
  2.72605448E+14 2.71573240E+14 2.70850365E+14 2.70098920E+14 2.69376356E+14
  2.69028974E+14 2.68380953E+14 2.67844399E+14 2.67392102E+14 2.66976517E+14
  2.66758222E+14 2.66683716E+14 2.66570132E+14 2.66296259E+14 2.66009197E+14
  2.65707872E+14 2.65391082E+14 2.65057487E+14 2.64705568E+14 2.64333600E+14
  2.63939646E+14 2.63521474E+14 2.63076484E+14 2.62685309E+14 2.62488565E+14
  2.62286359E+14 2.62078429E+14 2.61864500E+14 2.61644284E+14 2.61417459E+14
  2.61217549E+14 2.60942302E+14 2.60692497E+14 2.60433934E+14 2.60166108E+14
  2.59888516E+14 2.59600619E+14 2.59301826E+14 2.58669045E+14 2.58333663E+14
  2.57984612E+14 2.57621116E+14 2.57242331E+14 2.56847394E+14 2.56405313E+14
  2.55974105E+14 2.55524091E+14 2.55224522E+14 2.54812283E+14 2.54312603E+14
  2.54055222E+14 2.53792897E+14 2.53410020E+14 2.52977210E+14 2.52696067E+14
  2.52407205E+14 2.51729311E+14 2.51429732E+14 2.50660138E+14 2.49707787E+14
  2.48753882E+14 2.47748260E+14 2.46888029E+14 2.46133709E+14 2.45296516E+14
  2.44364253E+14 2.43324012E+14 2.42162899E+14 2.41064738E+14 2.39383214E+14
  2.37599987E+14 2.35521800E+14 2.33344499E+14 2.34372646E+14 2.39781436E+14
  2.45819756E+14 2.56705056E+14 2.66016652E+14 2.87857220E+14 3.09652985E+14
  3.32334692E+14 3.55358712E+14 3.87611935E+14 4.20106307E+14 4.64360151E+14
  4.96001996E+14 7.59101436E+14 1.43516185E+15 2.42440865E+15 4.12990565E+15
  4.51630325E+14 4.51630325E+14 4.50084528E+14 4.49164216E+14 4.47451414E+14
  4.46262314E+14 4.44734911E+14 4.43703063E+14 4.42925463E+14 4.41684134E+14
  4.40736809E+14 4.39983065E+14 4.39323102E+14 4.38855780E+14 4.38366151E+14
  4.37891791E+14 4.37662558E+14 4.37232977E+14 4.36875434E+14 4.36572823E+14
  4.36293750E+14 4.36146898E+14 4.36096673E+14 4.36019910E+14 4.35833885E+14
  4.35637485E+14 4.35429789E+14 4.35209756E+14 4.34976214E+14 4.34727824E+14
  4.34463053E+14 4.34180158E+14 4.33877112E+14 4.33551516E+14 4.33262647E+14
  4.33116423E+14 4.32965487E+14 4.32809587E+14 4.32648458E+14 4.32481821E+14
  4.32309344E+14 4.32156676E+14 4.31944788E+14 4.31750178E+14 4.31546547E+14
  4.31333219E+14 4.31109528E+14 4.30874723E+14 4.30627974E+14 4.30094911E+14
  4.29806434E+14 4.29501673E+14 4.29179233E+14 4.28837516E+14 4.28474730E+14
  4.28060326E+14 4.27647088E+14 4.27205563E+14 4.26905370E+14 4.26483349E+14
  4.25956500E+14 4.25677850E+14 4.25388196E+14 4.24954220E+14 4.24443511E+14
  4.24096432E+14 4.23730935E+14 4.22878370E+14 4.22507941E+14 4.21568495E+14
  4.20426814E+14 4.19301154E+14 4.18128885E+14 4.17141110E+14 4.16289021E+14
  4.15354807E+14 4.14326531E+14 4.13191292E+14 4.11936413E+14 4.10758965E+14
  4.08975795E+14 4.07114446E+14 4.04995549E+14 4.02470643E+14 4.01226253E+14
  4.02118692E+14 4.04491938E+14 4.10301523E+14 4.16105336E+14 4.31329689E+14
  4.47847875E+14 4.65867274E+14 4.84689343E+14 5.11704469E+14 5.39494962E+14
  5.78051165E+14 6.03378435E+14 8.25982897E+14 1.44238137E+15 2.42929678E+15
  4.13081933E+15 8.58576650E+14 8.58576650E+14 8.57528891E+14 8.56705038E+14
  8.55170054E+14 8.54329704E+14 8.53048322E+14 8.52210668E+14 8.51629704E+14
  8.50808713E+14 8.50273983E+14 8.49888411E+14 8.49577331E+14 8.49362849E+14
  8.49134070E+14 8.48910311E+14 8.48801399E+14 8.48596224E+14 8.48424530E+14
  8.48278754E+14 8.48143872E+14 8.48072967E+14 8.48048613E+14 8.48011114E+14
  8.47918963E+14 8.47819769E+14 8.47712884E+14 8.47597555E+14 8.47472940E+14
  8.47338075E+14 8.47191856E+14 8.47033026E+14 8.46860123E+14 8.46671404E+14
  8.46501591E+14 8.46414834E+14 8.46324743E+14 8.46231139E+14 8.46133827E+14
  8.46032607E+14 8.45927234E+14 8.45833494E+14 8.45702345E+14 8.45580557E+14
  8.45451905E+14 8.45315852E+14 8.45171880E+14 8.45019403E+14 8.44857770E+14
  8.44504136E+14 8.44310443E+14 8.44104206E+14 8.43884345E+14 8.43649616E+14
  8.43398627E+14 8.43109867E+14 8.42819929E+14 8.42508159E+14 8.42295118E+14
  8.41994290E+14 8.41616766E+14 8.41416305E+14 8.41207385E+14 8.40893602E+14
  8.40521116E+14 8.40264825E+14 8.39992597E+14 8.39348934E+14 8.39065861E+14
  8.38339734E+14 8.37443446E+14 8.36546936E+14 8.35603276E+14 8.34794007E+14
  8.34080207E+14 8.33284091E+14 8.32392769E+14 8.31392555E+14 8.30269300E+14
  8.29200934E+14 8.27544099E+14 8.25754422E+14 8.23667558E+14 8.21144351E+14
  8.19759142E+14 8.19970286E+14 8.21404318E+14 8.25112314E+14 8.29055832E+14
  8.39948264E+14 8.52382369E+14 8.66379526E+14 8.81280775E+14 9.03046974E+14
  9.25809661E+14 9.57905993E+14 9.79268274E+14 1.17367673E+15 1.74135367E+15
  2.63172227E+15 4.16865630E+15 1.64445010E+15 1.64445010E+15 1.64448072E+15
  1.64465530E+15 1.64487753E+15 1.64528939E+15 1.64562699E+15 1.64589877E+15
  1.64649957E+15 1.64803466E+15 1.64976190E+15 1.65136649E+15 1.65293448E+15
  1.65408296E+15 1.65526641E+15 1.65640409E+15 1.65695051E+15 1.65797024E+15
  1.65881558E+15 1.65952975E+15 1.66018706E+15 1.66053368E+15 1.66065179E+15
  1.66083102E+15 1.66125943E+15 1.66170291E+15 1.66216265E+15 1.66263999E+15
  1.66313641E+15 1.66365362E+15 1.66419361E+15 1.66475861E+15 1.66535128E+15
  1.66597463E+15 1.66651692E+15 1.66678783E+15 1.66706509E+15 1.66734902E+15
  1.66763997E+15 1.66793833E+15 1.66824450E+15 1.66851354E+15 1.66888166E+15
  1.66921248E+15 1.66955205E+15 1.66990089E+15 1.67025962E+15 1.67062888E+15
  1.67100941E+15 1.67180766E+15 1.67222731E+15 1.67266214E+15 1.67311348E+15
  1.67358284E+15 1.67407196E+15 1.67462022E+15 1.67515705E+15 1.67572098E+15
  1.67609934E+15 1.67662518E+15 1.67727301E+15 1.67761238E+15 1.67796304E+15
  1.67848578E+15 1.67908811E+15 1.67948451E+15 1.67989261E+15 1.68081098E+15
  1.68119732E+15 1.68214850E+15 1.68326127E+15 1.68432540E+15 1.68542282E+15
  1.68630083E+15 1.68698720E+15 1.68768079E+15 1.68837744E+15 1.68907480E+15
  1.68976914E+15 1.69036317E+15 1.69103114E+15 1.69126261E+15 1.69102007E+15
  1.68953028E+15 1.68912169E+15 1.69365946E+15 1.69859014E+15 1.70810884E+15
  1.71604141E+15 1.73450548E+15 1.75279925E+15 1.77186948E+15 1.79124285E+15
  1.81846180E+15 1.84600829E+15 1.88376519E+15 1.90838271E+15 2.12243843E+15
  2.71664719E+15 3.62628365E+15 5.20135336E+15 4.00872059E+15 4.00872059E+15
  4.00890094E+15 4.00922824E+15 4.00981204E+15 4.00986650E+15 4.01001728E+15
  4.01016531E+15 4.01043220E+15 4.01098785E+15 4.01118540E+15 4.01125436E+15
  4.01128101E+15 4.01130349E+15 4.01132976E+15 4.01135848E+15 4.01137348E+15
  4.01140375E+15 4.01143118E+15 4.01145618E+15 4.01148061E+15 4.01149426E+15
  4.01149895E+15 4.01150596E+15 4.01152228E+15 4.01153853E+15 4.01155472E+15
  4.01157089E+15 4.01158699E+15 4.01160404E+15 4.01162623E+15 4.01165703E+15
  4.01169731E+15 4.01174877E+15 4.01180116E+15 4.01183003E+15 4.01186145E+15
  4.01189562E+15 4.01193273E+15 4.01197302E+15 4.01201666E+15 4.01205720E+15
  4.01211262E+15 4.01215931E+15 4.01220477E+15 4.01224872E+15 4.01229106E+15
  4.01233162E+15 4.01237025E+15 4.01244097E+15 4.01247264E+15 4.01250150E+15
  4.01252732E+15 4.01254981E+15 4.01256865E+15 4.01258440E+15 4.01259457E+15
  4.01260000E+15 4.01260072E+15 4.01259937E+15 4.01259801E+15 4.01259809E+15
  4.01259881E+15 4.01260160E+15 4.01260434E+15 4.01260398E+15 4.01260236E+15
  4.01259475E+15 4.01259043E+15 4.01257881E+15 4.01256797E+15 4.01256616E+15
  4.01258450E+15 4.01259912E+15 4.01259521E+15 4.01258256E+15 4.01257619E+15
  4.01260221E+15 4.01267891E+15 4.01282197E+15 4.01301183E+15 4.01294839E+15
  4.01273451E+15 4.01245780E+15 4.01229881E+15 4.01190347E+15 4.01174822E+15
  4.01099091E+15 4.01100492E+15 4.01280570E+15 4.01686358E+15 4.02273980E+15
  4.02983582E+15 4.04129222E+15 4.05430664E+15 4.07403049E+15 4.08787187E+15
  4.23006398E+15 4.71069027E+15 5.52163768E+15 6.92862871E+15 8.02169784E+15
  8.02169784E+15 8.02179762E+15 8.02196282E+15 8.02205910E+15 8.02198772E+15
  8.02280403E+15 8.02307480E+15 8.02274892E+15 8.02197002E+15 8.02173848E+15
  8.02172719E+15 8.02184519E+15 8.02197107E+15 8.02211504E+15 8.02226871E+15
  8.02234739E+15 8.02250261E+15 8.02263926E+15 8.02276056E+15 8.02287588E+15
  8.02293933E+15 8.02296064E+15 8.02299160E+15 8.02305916E+15 8.02311924E+15
  8.02317088E+15 8.02321285E+15 8.02324375E+15 8.02326195E+15 8.02326552E+15
  8.02325243E+15 8.02322044E+15 8.02316679E+15 8.02310361E+15 8.02306635E+15
  8.02302434E+15 8.02297727E+15 8.02292482E+15 8.02286663E+15 8.02280243E+15
  8.02274197E+15 8.02265782E+15 8.02258517E+15 8.02251275E+15 8.02244098E+15
  8.02236998E+15 8.02229999E+15 8.02223129E+15 8.02209912E+15 8.02203646E+15
  8.02197676E+15 8.02192070E+15 8.02186905E+15 8.02182276E+15 8.02178044E+15
  8.02174927E+15 8.02172797E+15 8.02172051E+15 8.02171961E+15 8.02173418E+15
  8.02174895E+15 8.02176937E+15 8.02181041E+15 8.02186572E+15 8.02190226E+15
  8.02194101E+15 8.02203295E+15 8.02207425E+15 8.02218453E+15 8.02233405E+15
  8.02250235E+15 8.02271799E+15 8.02287379E+15 8.02293582E+15 8.02294415E+15
  8.02288584E+15 8.02274971E+15 8.02252313E+15 8.02224656E+15 8.02175633E+15
  8.02123350E+15 8.02068557E+15 8.02046426E+15 8.02070211E+15 8.02079111E+15
  8.02086918E+15 8.01978279E+15 8.01917845E+15 8.01906922E+15 8.02104043E+15
  8.02470830E+15 8.02955275E+15 8.03788180E+15 8.04780637E+15 8.06345209E+15
  8.07473955E+15 8.19787740E+15 8.64308322E+15 9.41831245E+15 1.07694948E+16
  1.60454921E+16 1.60454921E+16 1.60455424E+16 1.60456138E+16 1.60456198E+16
  1.60455130E+16 1.60456069E+16 1.60456276E+16 1.60456644E+16 1.60457294E+16
  1.60457490E+16 1.60457624E+16 1.60457734E+16 1.60457769E+16 1.60457824E+16
  1.60457887E+16 1.60457924E+16 1.60458004E+16 1.60458085E+16 1.60458164E+16
  1.60458246E+16 1.60458295E+16 1.60458312E+16 1.60458338E+16 1.60458401E+16
  1.60458467E+16 1.60458538E+16 1.60458615E+16 1.60458714E+16 1.60458789E+16
  1.60458820E+16 1.60458877E+16 1.60458958E+16 1.60459058E+16 1.60459155E+16
  1.60459207E+16 1.60459264E+16 1.60459324E+16 1.60459390E+16 1.60459460E+16
  1.60459537E+16 1.60459608E+16 1.60459704E+16 1.60459781E+16 1.60459854E+16
  1.60459922E+16 1.60459985E+16 1.60460042E+16 1.60460094E+16 1.60460185E+16
  1.60460223E+16 1.60460257E+16 1.60460287E+16 1.60460316E+16 1.60460343E+16
  1.60460372E+16 1.60460401E+16 1.60460434E+16 1.60460445E+16 1.60460506E+16
  1.60460688E+16 1.60460782E+16 1.60460883E+16 1.60461050E+16 1.60461250E+16
  1.60461373E+16 1.60461497E+16 1.60461775E+16 1.60461898E+16 1.60462235E+16
  1.60462736E+16 1.60463389E+16 1.60464311E+16 1.60465334E+16 1.60466332E+16
  1.60466780E+16 1.60466732E+16 1.60467257E+16 1.60468089E+16 1.60469434E+16
  1.60471316E+16 1.60471479E+16 1.60470304E+16 1.60471739E+16 1.60483061E+16
  1.60494829E+16 1.60500728E+16 1.60493308E+16 1.60496418E+16 1.60519798E+16
  1.60565632E+16 1.60628758E+16 1.60703515E+16 1.60822430E+16 1.60956089E+16
  1.61157000E+16 1.61297251E+16 1.62724368E+16 1.67515768E+16 1.75589303E+16
  1.89615211E+16 2.56609626E+16 2.56609626E+16 2.56619593E+16 2.56637068E+16
  2.56661003E+16 2.56653293E+16 2.56637288E+16 2.56628986E+16 2.56636915E+16
  2.56654357E+16 2.56659287E+16 2.56659230E+16 2.56656409E+16 2.56653475E+16
  2.56650129E+16 2.56646581E+16 2.56644775E+16 2.56641234E+16 2.56638146E+16
  2.56635429E+16 2.56632868E+16 2.56631470E+16 2.56631003E+16 2.56630324E+16
  2.56628847E+16 2.56627539E+16 2.56626422E+16 2.56625522E+16 2.56624870E+16
  2.56624502E+16 2.56624459E+16 2.56624794E+16 2.56625566E+16 2.56626846E+16
  2.56628355E+16 2.56629248E+16 2.56630258E+16 2.56631393E+16 2.56632663E+16
  2.56634078E+16 2.56635647E+16 2.56637133E+16 2.56639198E+16 2.56640966E+16
  2.56642716E+16 2.56644439E+16 2.56646133E+16 2.56647793E+16 2.56649415E+16
  2.56652521E+16 2.56653992E+16 2.56655397E+16 2.56656728E+16 2.56657974E+16
  2.56659122E+16 2.56660227E+16 2.56661123E+16 2.56661870E+16 2.56662259E+16
  2.56662654E+16 2.56662910E+16 2.56662945E+16 2.56662911E+16 2.56662725E+16
  2.56662393E+16 2.56662155E+16 2.56661888E+16 2.56661225E+16 2.56660923E+16
  2.56660145E+16 2.56659208E+16 2.56658379E+16 2.56657539E+16 2.56657773E+16
  2.56659457E+16 2.56662743E+16 2.56668185E+16 2.56676496E+16 2.56688748E+16
  2.56703759E+16 2.56729570E+16 2.56755187E+16 2.56788082E+16 2.56842142E+16
  2.56914517E+16 2.57005393E+16 2.57086479E+16 2.57229176E+16 2.57345237E+16
  2.57607074E+16 2.57858294E+16 2.58113580E+16 2.58368566E+16 2.58720737E+16
  2.59071112E+16 2.59542952E+16 2.59846061E+16 2.62375472E+16 2.68948463E+16
  2.78604223E+16 2.95284504E+16 0.00000000E+00 0.00000000E+00 0.00000000E+00
