POLYSTYRENE LANL SESAME #7590 DATED: 10576 101582
     32     3.50000000E+00 6.51000000E+00 1.04400000E+00    4772
  1.01000000E+02 2.30000000E+01 0.00000000E+00 8.15625000E-03 1.55618640E-02
  2.29680000E-02 4.41090000E-02 6.52500000E-02 1.07879965E-01 1.50510348E-01
  1.93140000E-01 2.81880000E-01 3.65400000E-01 4.43700000E-01 5.22000000E-01
  5.83240205E-01 6.52500000E-01 7.24999954E-01 7.62043788E-01 8.35200000E-01
  9.00000036E-01 9.57798173E-01 1.01359225E+00 1.04400000E+00 1.05454544E+00
  1.07076920E+00 1.11063852E+00 1.15359077E+00 1.19999970E+00 1.25029962E+00
  1.30500000E+00 1.36470532E+00 1.43013697E+00 1.50215836E+00 1.58181869E+00
  1.67040000E+00 1.75167749E+00 1.79381437E+00 1.83802777E+00 1.88447638E+00
  1.93333349E+00 1.98479120E+00 2.03906250E+00 2.08800000E+00 2.15702510E+00
  2.22127704E+00 2.28947321E+00 2.36199049E+00 2.43925276E+00 2.52173920E+00
  2.61000000E+00 2.80645157E+00 2.91620102E+00 3.03488399E+00 3.16363633E+00
  3.30379751E+00 3.45695335E+00 3.63763112E+00 3.82417618E+00 4.03088818E+00
  4.17600000E+00 4.38655496E+00 4.66071458E+00 4.81105998E+00 4.97142882E+00
  5.22000000E+00 5.52380922E+00 5.73626426E+00 5.96571458E+00 6.52500000E+00
  6.77922026E+00 7.45714271E+00 8.35200000E+00 9.32142812E+00 1.04400000E+01
  1.14725264E+01 1.24285694E+01 1.35584384E+01 1.49142812E+01 1.65714329E+01
  1.86428542E+01 2.08800000E+01 2.48571389E+01 2.98285729E+01 3.72857188E+01
  5.22000000E+01 7.45714271E+01 1.04400000E+02 1.30500000E+02 1.74000035E+02
  2.08800000E+02 2.87100000E+02 3.62790000E+02 4.41090000E+02 5.22000000E+02
  6.38406000E+02 7.59510000E+02 9.30204000E+02 1.04400000E+03 2.08800000E+03
  5.22000000E+03 1.04400000E+04 2.08800000E+04 0.00000000E+00 2.49996769E-05
  4.99993537E-05 9.99987075E-05 1.99997415E-04 4.99993537E-04 6.99990952E-04
  9.99987075E-04 1.99997415E-03 4.99993537E-03 9.99987075E-03 1.99997415E-02
  4.99993537E-02 9.99987075E-02 1.99997415E-01 2.99996122E-01 4.99993537E-01
  9.99987075E-01 1.99997415E+00 4.99993537E+00 9.99987075E+00 1.99997415E+01
  3.19995864E+01 0.00000000E+00 0.00000000E+00 0.00000000E+00 0.00000000E+00
  0.00000000E+00 0.00000000E+00 0.00000000E+00 0.00000000E+00 0.00000000E+00
  0.00000000E+00 0.00000000E+00 0.00000000E+00 0.00000000E+00 0.00000000E+00
  0.00000000E+00 0.00000000E+00 0.00000000E+00 0.00000000E+00 0.00000000E+00
  0.00000000E+00 0.00000000E+00 0.00000000E+00 3.89264043E+08 1.04938420E+09
  2.91866150E+09 5.43804737E+09 8.80545231E+09 1.31491562E+10 1.88521470E+10
  2.64026624E+10 3.63115741E+10 4.92912586E+10 6.64538227E+10 8.92464800E+10
  1.13809464E+11 1.28018685E+11 1.44283101E+11 1.61979593E+11 1.88338440E+11
  2.04889400E+11 2.04889400E+11 2.04889400E+11 2.04889400E+11 2.05969103E+11
  2.43983689E+11 2.93741784E+11 3.39785244E+11 3.91786576E+11 4.55240943E+11
  6.17702913E+11 7.19944862E+11 8.41488867E+11 9.89919577E+11 1.16730155E+12
  1.38365761E+12 1.66188565E+12 1.98841248E+12 2.38573190E+12 2.67741055E+12
  3.12082839E+12 3.73923637E+12 4.10059339E+12 4.50520975E+12 5.17500000E+12
  6.10673052E+12 6.82021734E+12 7.66780402E+12 1.03930000E+13 1.19176469E+13
  1.62346720E+13 2.28790000E+13 3.13939914E+13 4.21610000E+13 5.26386612E+13
  6.36196941E+13 7.73242771E+13 9.56049216E+13 1.20018872E+14 1.53703466E+14
  1.94930000E+14 2.77758097E+14 4.00609181E+14 6.28955637E+14 1.21850000E+15
  2.42625323E+15 4.59310000E+15 6.97570000E+15 1.18593659E+16 1.66130000E+16
  2.95980000E+16 4.78401193E+16 6.79164628E+16 9.16997254E+16 1.31035628E+17
  1.78027499E+17 2.54171979E+17 3.11065204E+17 1.06224728E+18 5.26065202E+18
  1.76388287E+19 5.43081187E+19 0.00000000E+00 8.51753796E-26 8.51753796E-26
  8.51753796E-26 8.51753796E-26 8.51753796E-26 8.51753796E-26 8.51753796E-26
  8.51753796E-26 8.51753796E-26 8.51753796E-26 8.51753796E-26 8.51753796E-26
  8.51753796E-26 8.51753796E-26 8.51753796E-26 8.51753796E-26 1.08423592E+09
  3.76857814E+09 6.17721783E+09 8.49673202E+09 9.66510090E+09 1.00670400E+10
  1.07480231E+10 1.26650775E+10 1.52303104E+10 1.86467274E+10 2.30366547E+10
  2.87877209E+10 3.63825378E+10 4.63377280E+10 5.93594485E+10 7.65601784E+10
  9.93891396E+10 1.23977280E+11 1.38195945E+11 1.54469125E+11 1.72173733E+11
  1.98536347E+11 2.15092851E+11 2.15093493E+11 2.15093394E+11 2.15089400E+11
  2.16162963E+11 2.54166874E+11 3.03912096E+11 3.49935312E+11 4.01915741E+11
  4.65341396E+11 6.27727076E+11 7.29920105E+11 8.51405637E+11 9.99767678E+11
  1.17706978E+12 1.39333342E+12 1.67144647E+12 1.99784789E+12 2.39502114E+12
  2.68659632E+12 3.12986120E+12 3.74806412E+12 4.10930868E+12 4.51380420E+12
  5.18340635E+12 6.11490747E+12 6.82823631E+12 7.67565479E+12 1.04004483E+13
  1.19249177E+13 1.62414908E+13 2.28852700E+13 3.13997287E+13 4.21661974E+13
  5.26434239E+13 6.36241037E+13 7.73283207E+13 9.56085897E+13 1.20022157E+14
  1.53706363E+14 1.94932563E+14 2.77760219E+14 4.00610924E+14 6.28957010E+14
  1.21850096E+15 2.42625390E+15 4.59310047E+15 6.97570037E+15 1.18593662E+16
  1.66130002E+16 2.95980002E+16 4.78401194E+16 6.79164629E+16 9.16997255E+16
  1.31035628E+17 1.78027500E+17 2.54171979E+17 3.11065204E+17 1.06224728E+18
  5.26065202E+18 1.76388287E+19 5.43081187E+19 0.00000000E+00 2.27361028E-25
  2.27361028E-25 2.27361028E-25 2.27361028E-25 2.27361028E-25 2.27361028E-25
  2.27361028E-25 2.27361028E-25 2.27361028E-25 2.27361028E-25 2.27361028E-25
  2.27361028E-25 2.27361028E-25 1.55238122E+09 5.48802556E+09 7.54841711E+09
  1.16694602E+10 1.53325504E+10 1.85727006E+10 2.16476961E+10 2.30963752E+10
  2.35693196E+10 2.43573559E+10 2.65367815E+10 2.93837131E+10 3.31036783E+10
  3.78213860E+10 4.39212380E+10 5.18933832E+10 6.22603503E+10 7.57286929E+10
  9.34129156E+10 1.16775974E+11 1.41842730E+11 1.56305651E+11 1.72834175E+11
  1.90806139E+11 2.17448423E+11 2.34290955E+11 2.34590804E+11 2.34859364E+11
  2.35232181E+11 2.36648147E+11 2.75008370E+11 3.25130191E+11 3.71551163E+11
  4.23940093E+11 4.87798290E+11 6.51116309E+11 7.53812877E+11 8.75827634E+11
  1.02474326E+12 1.20263417E+12 1.41951042E+12 1.69832148E+12 2.02540871E+12
  2.42329670E+12 2.71535987E+12 3.15928311E+12 3.77829109E+12 4.13995619E+12
  4.54486949E+12 5.21509052E+12 6.14728000E+12 6.86104267E+12 7.70890724E+12
  1.04346331E+13 1.19594636E+13 1.62768385E+13 2.29213336E+13 3.14362193E+13
  4.22028176E+13 5.26798875E+13 6.36602530E+13 7.73639369E+13 9.56433818E+13
  1.20055786E+14 1.53738395E+14 1.94962824E+14 2.77787421E+14 4.00634731E+14
  6.28976725E+14 1.21851526E+15 2.42626385E+15 4.59310750E+15 6.97570597E+15
  1.18593704E+16 1.66130037E+16 2.95980027E+16 4.78401214E+16 6.79164646E+16
  9.16997269E+16 1.31035629E+17 1.78027500E+17 2.54171980E+17 3.11065205E+17
  1.06224728E+18 5.26065202E+18 1.76388287E+19 5.43081187E+19 0.00000000E+00
  6.28457745E-25 6.28457745E-25 6.28457745E-25 6.28457745E-25 6.28457745E-25
  6.28457745E-25 6.28457745E-25 6.28457745E-25 6.28457745E-25 6.28457745E-25
  5.53208182E+08 6.29539579E+09 1.11785951E+10 1.69925946E+10 2.32904785E+10
  2.65540146E+10 3.30178540E+10 3.86920786E+10 4.36511587E+10 4.82988399E+10
  5.03527553E+10 5.09783759E+10 5.20012496E+10 5.47575292E+10 5.82255280E+10
  6.26098553E+10 6.80464752E+10 7.49272246E+10 8.37506539E+10 9.50494093E+10
  1.09541981E+11 1.28357289E+11 1.52962801E+11 1.79166376E+11 1.94217692E+11
  2.11362905E+11 2.29982216E+11 2.57304574E+11 2.74862459E+11 2.75915757E+11
  2.76857966E+11 2.78174807E+11 2.80467680E+11 3.19756718E+11 3.70864347E+11
  4.18333608E+11 4.71839012E+11 5.36882278E+11 7.02805572E+11 8.06950533E+11
  9.30526213E+11 1.08112132E+12 1.26081313E+12 1.47964630E+12 1.76075405E+12
  2.09017603E+12 2.49061221E+12 2.78445444E+12 3.23093286E+12 3.85318769E+12
  4.21661972E+12 4.62340541E+12 5.29645994E+12 6.23206031E+12 6.94817779E+12
  7.79851504E+12 1.05301464E+13 1.20575599E+13 1.63816262E+13 2.30344146E+13
  3.15576311E+13 4.23330458E+13 5.28175098E+13 6.38041143E+13 7.75144631E+13
  9.58009745E+13 1.20220796E+14 1.53910911E+14 1.95141551E+14 2.77973171E+14
  4.00823909E+14 6.29163805E+14 1.21868581E+15 2.42640413E+15 4.59321531E+15
  6.97579409E+15 1.18594369E+16 1.66130592E+16 2.95980429E+16 4.78401531E+16
  6.79164907E+16 9.16997489E+16 1.31035647E+17 1.78027516E+17 2.54171993E+17
  3.11065216E+17 1.06224729E+18 5.26065202E+18 1.76388287E+19 5.43081187E+19
  0.00000000E+00 1.83754551E-24 1.83754551E-24 1.83754551E-24 1.83754551E-24
  1.83754551E-24 1.83754551E-24 1.83754551E-24 1.83754551E-24 6.29049460E+08
  8.98744085E+09 1.83748217E+10 2.88590554E+10 3.76127107E+10 4.79096838E+10
  5.89482939E+10 6.46279807E+10 7.58002838E+10 8.55211147E+10 9.39432743E+10
  1.01764039E+11 1.05065461E+11 1.06001901E+11 1.07502933E+11 1.11434148E+11
  1.16167742E+11 1.21919293E+11 1.28837510E+11 1.37329174E+11 1.47910562E+11
  1.61125758E+11 1.77726537E+11 1.98872470E+11 2.26068165E+11 2.54647037E+11
  2.70929297E+11 2.89365559E+11 3.09341071E+11 3.38089529E+11 3.57148957E+11
  3.59785385E+11 3.62154684E+11 3.65483683E+11 3.69648822E+11 4.10924278E+11
  4.64134235E+11 5.13837870E+11 5.69727064E+11 6.37319117E+11 8.08908620E+11
  9.16214776E+11 1.04320640E+12 1.19750354E+12 1.38122107E+12 1.60444049E+12
  1.89068632E+12 2.22540316E+12 2.63169482E+12 2.92964054E+12 3.38206382E+12
  4.01204105E+12 4.37966855E+12 4.79091637E+12 5.47087047E+12 6.41487719E+12
  7.13685806E+12 7.99351199E+12 1.07403526E+13 1.22746295E+13 1.66168993E+13
  2.32932610E+13 3.18416366E+13 4.26453354E+13 5.31553604E+13 6.41651021E+13
  7.79021247E+13 9.62198101E+13 1.20676238E+14 1.54410035E+14 1.95685276E+14
  2.78589634E+14 4.01520388E+14 6.29959500E+14 1.21961698E+15 2.42742737E+15
  4.59424320E+15 6.97677627E+15 1.18603083E+16 1.66138420E+16 2.95986579E+16
  4.78406530E+16 6.79169058E+16 9.17001009E+16 1.31035935E+17 1.78027758E+17
  2.54172190E+17 3.11065392E+17 1.06224737E+18 5.26065205E+18 1.76388288E+19
  5.43081187E+19 0.00000000E+00 1.54902688E+06 1.54902688E+06 1.54902688E+06
  1.54902688E+06 1.54902688E+06 1.54902688E+06 3.90122337E+09 1.02944557E+10
  2.81015720E+10 4.91825906E+10 7.18176269E+10 9.65221005E+10 1.16882689E+11
  1.40623985E+11 1.65880684E+11 1.78807107E+11 2.04102329E+11 2.25961997E+11
  2.44773642E+11 2.62115037E+11 2.69392260E+11 2.71265140E+11 2.74206827E+11
  2.81678282E+11 2.90225685E+11 3.00097760E+11 3.11481728E+11 3.24829545E+11
  3.40711081E+11 3.59734372E+11 3.82727725E+11 4.10943705E+11 4.46000531E+11
  4.81791743E+11 5.01812886E+11 5.24168966E+11 5.48257797E+11 5.81332448E+11
  6.04947890E+11 6.12388941E+11 6.19090225E+11 6.28528675E+11 6.38380060E+11
  6.85690058E+11 7.45323918E+11 8.01876843E+11 8.65077931E+11 9.40493153E+11
  1.12949337E+12 1.24651155E+12 1.38399496E+12 1.54967161E+12 1.74577414E+12
  1.98252345E+12 2.28472603E+12 2.63591285E+12 3.06044921E+12 3.37116690E+12
  3.84211269E+12 4.49619397E+12 4.87703331E+12 5.30236879E+12 6.00414862E+12
  6.97481124E+12 7.71542524E+12 8.59219326E+12 1.13880208E+13 1.29445457E+13
  1.73458952E+13 2.41000586E+13 3.27322177E+13 4.36325470E+13 5.42312362E+13
  6.53226419E+13 7.91556283E+13 9.75879984E+13 1.22183626E+14 1.56089417E+14
  1.97548773E+14 2.80774324E+14 4.04097025E+14 6.33101521E+14 1.22381030E+15
  2.43300135E+15 4.60131415E+15 6.98488147E+15 1.18696589E+16 1.66238577E+16
  2.96094069E+16 4.78514921E+16 6.79274843E+16 9.17102209E+16 1.31045259E+17
  1.78036238E+17 2.54179584E+17 3.11072161E+17 1.06225094E+18 5.26065337E+18
  1.76388294E+19 5.43081191E+19 0.00000000E+00 2.04004844E+07 2.04004844E+07
  2.04004844E+07 2.04004844E+07 2.04004844E+07 4.09264890E+09 1.14034528E+10
  2.09169988E+10 4.64021927E+10 7.59558891E+10 1.07412556E+11 1.41585658E+11
  1.69674335E+11 2.02366576E+11 2.37088759E+11 2.54839324E+11 2.89535575E+11
  3.19474836E+11 3.45201060E+11 3.68878117E+11 3.78951472E+11 3.81449661E+11
  3.85353362E+11 3.95188940E+11 4.06283285E+11 4.18907286E+11 4.33273919E+11
  4.49865354E+11 4.69287310E+11 4.92190605E+11 5.19454751E+11 5.52394538E+11
  5.92704220E+11 6.33315207E+11 6.55835092E+11 6.80813061E+11 7.07656342E+11
  7.43628281E+11 7.70295244E+11 7.80954678E+11 7.90558054E+11 8.04089852E+11
  8.17751546E+11 8.69105777E+11 9.33032300E+11 9.94152778E+11 1.06222972E+12
  1.14286153E+12 1.34347065E+12 1.46697295E+12 1.61146724E+12 1.78474839E+12
  1.98912785E+12 2.23492377E+12 2.54783129E+12 2.91007080E+12 3.34685490E+12
  3.66617060E+12 4.14959210E+12 4.81991803E+12 5.20966583E+12 5.64450377E+12
  6.36101258E+12 7.34964035E+12 8.10278492E+12 8.99308277E+12 1.18218758E+13
  1.33933789E+13 1.78346518E+13 2.46414745E+13 3.33309242E+13 4.42969918E+13
  5.49563060E+13 6.61037991E+13 8.00030140E+13 9.85143093E+13 1.23206814E+14
  1.57233537E+14 1.98822303E+14 2.82277927E+14 4.05885020E+14 6.35312757E+14
  1.22684823E+15 2.43722971E+15 4.60703541E+15 6.99181055E+15 1.18784029E+16
  1.66338832E+16 2.96217879E+16 4.78655360E+16 6.79427293E+16 9.17262589E+16
  1.31061830E+17 1.78052846E+17 2.54195674E+17 3.11087720E+17 1.06226103E+18
  5.26065722E+18 1.76388312E+19 5.43081200E+19 0.00000000E+00 1.42165119E+08
  1.42165119E+08 1.42165119E+08 9.42734514E+08 3.32067392E+09 1.12823560E+10
  2.26535779E+10 3.68454965E+10 7.38417261E+10 1.16096570E+11 1.60776381E+11
  2.09141237E+11 2.48811956E+11 2.94917772E+11 3.43823083E+11 3.68801489E+11
  4.17581422E+11 4.59622767E+11 4.95704232E+11 5.28867653E+11 5.43290272E+11
  5.46726423E+11 5.52073146E+11 5.65454907E+11 5.80369664E+11 5.97121552E+11
  6.15962181E+11 6.37419041E+11 6.62151625E+11 6.90874924E+11 7.24545258E+11
  7.64570752E+11 8.12759713E+11 8.60600361E+11 8.86868356E+11 9.15779158E+11
  9.46754111E+11 9.87071980E+11 1.01831622E+12 1.03380323E+12 1.04775974E+12
  1.06743156E+12 1.08680871E+12 1.14422929E+12 1.21460658E+12 1.28259995E+12
  1.35801455E+12 1.44649773E+12 1.66458269E+12 1.79784813E+12 1.95290037E+12
  2.13763532E+12 2.35448365E+12 2.61390063E+12 2.94284225E+12 3.32163417E+12
  3.77675734E+12 4.10894536E+12 4.61104191E+12 5.30567993E+12 5.70875810E+12
  6.15781356E+12 6.89635630E+12 7.91193960E+12 8.68396815E+12 9.59466084E+12
  1.24731675E+13 1.40672682E+13 1.85688030E+13 2.54551745E+13 3.42305019E+13
  4.52955570E+13 5.60461891E+13 6.72781903E+13 8.12772235E+13 9.99086639E+13
  1.24747418E+14 1.58956784E+14 2.00742607E+14 2.84546618E+14 4.08589808E+14
  6.38665243E+14 1.23148528E+15 2.44375719E+15 4.61599908E+15 7.00283319E+15
  1.18926831E+16 1.66506151E+16 2.96435075E+16 4.78914216E+16 6.79722760E+16
  9.17589627E+16 1.31098081E+17 1.78091714E+17 2.54236779E+17 3.11129580E+17
  1.06229775E+18 5.26067376E+18 1.76388391E+19 5.43081242E+19 0.00000000E+00
  2.10971925E+09 3.82785353E+09 5.48832007E+09 1.10124563E+10 1.83089432E+10
  3.66343533E+10 5.85136811E+10 8.32351679E+10 1.42020102E+11 2.04781886E+11
  2.68670262E+11 3.36218814E+11 3.90963345E+11 4.54424972E+11 5.22010502E+11
  5.56798660E+11 6.25500305E+11 6.85559712E+11 7.37816452E+11 7.86547894E+11
  8.09393282E+11 8.15732214E+11 8.25515581E+11 8.49664087E+11 8.75994008E+11
  9.04912634E+11 9.36801484E+11 9.72353886E+11 1.01244440E+12 1.05806836E+12
  1.11055459E+12 1.17201907E+12 1.25084168E+12 1.32887452E+12 1.36917051E+12
  1.41228230E+12 1.45793336E+12 1.51345784E+12 1.56050794E+12 1.59248506E+12
  1.62119992E+12 1.66097139E+12 1.69799110E+12 1.77320852E+12 1.86167973E+12
  1.94826369E+12 2.04303507E+12 2.15200406E+12 2.41653775E+12 2.57726329E+12
  2.76403155E+12 2.98631791E+12 3.24892749E+12 3.56375287E+12 3.96402298E+12
  4.42168705E+12 4.96841874E+12 5.36638527E+12 5.97517156E+12 6.82780900E+12
  7.31798801E+12 7.85376667E+12 8.70145539E+12 9.81469418E+12 1.06449930E+13
  1.16125191E+13 1.46197114E+13 1.62747032E+13 2.09669304E+13 2.80915406E+13
  3.71134173E+13 4.85194740E+13 5.96491887E+13 7.12561224E+13 8.57185504E+13
  1.04923057E+14 1.30469896E+14 1.65549716E+14 2.08227483E+14 2.93607579E+14
  4.19658553E+14 6.52546539E+14 1.24945298E+15 2.46608276E+15 4.64369556E+15
  7.03497513E+15 1.19304712E+16 1.66907609E+16 2.96858568E+16 4.79348818E+16
  6.80164397E+16 9.18036386E+16 1.31143275E+17 1.78137362E+17 2.54283178E+17
  3.11176535E+17 1.06235002E+18 5.26073692E+18 1.76389127E+19 5.43082102E+19
  0.00000000E+00 1.09555573E+10 2.02302940E+10 2.92807094E+10 5.44372219E+10
  8.06328386E+10 1.36408913E+11 1.96603534E+11 2.60649822E+11 4.03416519E+11
  5.46506536E+11 6.86737585E+11 8.31577543E+11 9.47452820E+11 1.08032928E+12
  1.22013660E+12 1.29165228E+12 1.43354327E+12 1.55881139E+12 1.66924923E+12
  1.77396360E+12 1.82718683E+12 1.84399483E+12 1.86971259E+12 1.93222446E+12
  1.99882599E+12 2.07032107E+12 2.14760996E+12 2.23206934E+12 2.32548296E+12
  2.43005861E+12 2.54876620E+12 2.68588735E+12 2.84906679E+12 3.00236480E+12
  3.08078202E+12 3.16308579E+12 3.24910021E+12 3.34634072E+12 3.43668080E+12
  3.51379132E+12 3.58290678E+12 3.67867034E+12 3.76641121E+12 3.89421753E+12
  4.03744038E+12 4.18129946E+12 4.33630244E+12 4.50899095E+12 4.91416624E+12
  5.15358754E+12 5.42617130E+12 5.74296685E+12 6.11226266E+12 6.54838427E+12
  7.09700820E+12 7.71271118E+12 8.43916833E+12 8.96563113E+12 9.77262268E+12
  1.09034966E+13 1.15498107E+13 1.22514205E+13 1.33492363E+13 1.47622442E+13
  1.58034446E+13 1.69985094E+13 2.05513361E+13 2.24466785E+13 2.77434404E+13
  3.55480236E+13 4.52558773E+13 5.75517422E+13 6.96140882E+13 8.21084831E+13
  9.76392669E+13 1.18139890E+14 1.45270473E+14 1.82295516E+14 2.26991375E+14
  3.15795318E+14 4.46052479E+14 6.85389839E+14 1.29657559E+15 2.53668634E+15
  4.74509081E+15 7.16301737E+15 1.21037142E+16 1.69015454E+16 2.99810401E+16
  4.83092183E+16 6.84707717E+16 9.23391574E+16 1.31798014E+17 1.78908902E+17
  2.55108188E+17 3.12004550E+17 1.06302426E+18 5.26192566E+18 1.76408290E+19
  5.43113307E+19 0.00000000E+00 2.93286485E+10 5.52472225E+10 8.04120623E+10
  1.49956576E+11 2.19301790E+11 3.59885218E+11 5.03377045E+11 6.50314043E+11
  9.65482411E+11 1.27106229E+12 1.56393798E+12 1.86174566E+12 2.09743474E+12
  2.36587105E+12 2.64755369E+12 2.79167063E+12 3.07754614E+12 3.33015317E+12
  3.55333112E+12 3.76564868E+12 3.87686753E+12 3.91370646E+12 3.97026464E+12
  4.10865734E+12 4.25708275E+12 4.41697124E+12 4.58992211E+12 4.77809571E+12
  4.98416097E+12 5.21131073E+12 5.46361633E+12 5.74619708E+12 6.05825280E+12
  6.34527954E+12 6.49649896E+12 6.65505176E+12 6.82035964E+12 7.00037808E+12
  7.17750271E+12 7.34602413E+12 7.49773116E+12 7.70956950E+12 7.90428112E+12
  8.14460656E+12 8.40644418E+12 8.67564739E+12 8.96344303E+12 9.27721452E+12
  9.99350822E+12 1.04054644E+13 1.08639531E+13 1.13818978E+13 1.19692580E+13
  1.26430751E+13 1.34725180E+13 1.43800186E+13 1.54337800E+13 1.61935113E+13
  1.73448132E+13 1.89324979E+13 1.98332488E+13 2.08099964E+13 2.23442626E+13
  2.43057344E+13 2.57354417E+13 2.73515208E+13 3.19196461E+13 3.42637556E+13
  4.06870953E+13 4.97205377E+13 6.06200554E+13 7.44340327E+13 8.80190323E+13
  1.01868237E+14 1.18953134E+14 1.41279514E+14 1.70625411E+14 2.10459315E+14
  2.58312890E+14 3.52866024E+14 4.90264138E+14 7.40243215E+14 1.37255301E+15
  2.64442848E+15 4.89379840E+15 7.34648129E+15 1.23444239E+16 1.71875541E+16
  3.03682355E+16 4.87935124E+16 6.90546300E+16 9.30248795E+16 1.32627463E+17
  1.79894167E+17 2.56420272E+17 3.13565572E+17 1.06701509E+18 5.27206669E+18
  1.76611725E+19 5.43521442E+19 0.00000000E+00 7.27178677E+10 1.37023275E+11
  1.99493590E+11 3.72489570E+11 5.43680468E+11 8.87302948E+11 1.23273438E+12
  1.58149260E+12 2.31601327E+12 3.01315887E+12 3.67104423E+12 4.33229607E+12
  4.85105834E+12 5.43819207E+12 6.05205989E+12 6.36526069E+12 6.98316213E+12
  7.52825685E+12 8.01143709E+12 8.47424539E+12 8.72186511E+12 8.80599779E+12
  8.93530640E+12 9.25241853E+12 9.59324987E+12 9.96082364E+12 1.03585726E+13
  1.07907860E+13 1.12626357E+13 1.17802449E+13 1.23511711E+13 1.29846126E+13
  1.36833309E+13 1.43242336E+13 1.46596923E+13 1.50123441E+13 1.53819049E+13
  1.57765259E+13 1.61787237E+13 1.65828087E+13 1.69447005E+13 1.74501333E+13
  1.79162565E+13 1.84428434E+13 1.90072020E+13 1.95968114E+13 2.02247342E+13
  2.09004907E+13 2.24166143E+13 2.32726757E+13 2.42098514E+13 2.52454511E+13
  2.63862640E+13 2.76517632E+13 2.91664699E+13 3.07723946E+13 3.25955855E+13
  3.38959739E+13 3.58335197E+13 3.84466720E+13 3.99116818E+13 4.14930123E+13
  4.39729309E+13 4.71093190E+13 4.93710006E+13 5.18917143E+13 5.86730146E+13
  6.20186799E+13 7.10655671E+13 8.33528511E+13 9.75834773E+13 1.15166166E+14
  1.32219825E+14 1.49240886E+14 1.70028865E+14 1.96739096E+14 2.31362067E+14
  2.77678791E+14 3.32406173E+14 4.38908647E+14 5.90852797E+14 8.62007291E+14
  1.53496663E+15 2.87123082E+15 5.20399175E+15 7.73007044E+15 1.28491356E+16
  1.77878178E+16 3.11786127E+16 4.98027883E+16 7.02676594E+16 9.44478468E+16
  1.34349880E+17 1.81925272E+17 2.58883320E+17 3.16314722E+17 1.07233914E+18
  5.28484208E+18 1.76859625E+19 5.44002968E+19 0.00000000E+00 2.32231911E+11
  4.34914999E+11 6.32939293E+11 1.18735655E+12 1.73255160E+12 2.81719520E+12
  3.89319796E+12 4.96791398E+12 7.20562712E+12 9.30636709E+12 1.12720170E+13
  1.32342667E+13 1.47668114E+13 1.64971877E+13 1.83038484E+13 1.92246030E+13
  2.10374718E+13 2.26370769E+13 2.40588075E+13 2.54266146E+13 2.61672773E+13
  2.64223584E+13 2.68145327E+13 2.77769222E+13 2.88117463E+13 2.99277034E+13
  3.11347723E+13 3.24448614E+13 3.38721248E+13 3.54332368E+13 3.71483572E+13
  3.90416093E+13 4.11313295E+13 4.30442847E+13 4.40403121E+13 4.50903793E+13
  4.61961037E+13 4.73666353E+13 4.85852634E+13 4.98467510E+13 5.09762188E+13
  5.25594465E+13 5.40284307E+13 5.56187877E+13 5.73132671E+13 5.91055093E+13
  6.10153974E+13 6.30602207E+13 6.76120128E+13 7.01559753E+13 7.29112093E+13
  7.59099663E+13 7.91772291E+13 8.27540384E+13 8.69791994E+13 9.13655688E+13
  9.62488464E+13 9.96845010E+13 1.04685621E+14 1.11227706E+14 1.14830740E+14
  1.18687965E+14 1.24701033E+14 1.32179971E+14 1.37484868E+14 1.43287978E+14
  1.57998961E+14 1.64892843E+14 1.83167610E+14 2.07840541E+14 2.35647481E+14
  2.68402072E+14 2.98968847E+14 3.28404298E+14 3.63745787E+14 4.07755800E+14
  4.63286423E+14 5.35383199E+14 6.17526589E+14 7.70778580E+14 9.77652687E+14
  1.32670393E+15 2.14902971E+15 3.69541222E+15 6.28853517E+15 9.03495852E+15
  1.45197250E+16 1.97550053E+16 3.38262883E+16 5.31181424E+16 7.42807624E+16
  9.91870014E+16 1.40134348E+17 1.88803915E+17 2.67310240E+17 3.25775930E+17
  1.09130512E+18 5.33235987E+18 1.77810029E+19 5.45901790E+19 0.00000000E+00
  5.10110062E+11 9.64186925E+11 1.41169324E+12 2.67530042E+12 3.92456836E+12
  6.41945463E+12 8.89459512E+12 1.13573690E+13 1.64618241E+13 2.12473954E+13
  2.57182663E+13 3.01740777E+13 3.36491557E+13 3.75700709E+13 4.16643364E+13
  4.37521601E+13 4.78657511E+13 5.14989258E+13 5.47311720E+13 5.78438466E+13
  5.95343035E+13 6.01185107E+13 6.10165543E+13 6.32197114E+13 6.55876196E+13
  6.81399633E+13 7.08994733E+13 7.38930053E+13 7.71524734E+13 8.07156079E+13
  8.46279730E+13 8.89442365E+13 9.37165883E+13 9.80859566E+13 1.00356075E+14
  1.02742352E+14 1.05250868E+14 1.07896066E+14 1.10667126E+14 1.13565371E+14
  1.16170454E+14 1.19833761E+14 1.23236837E+14 1.26877629E+14 1.30749512E+14
  1.34858207E+14 1.39237041E+14 1.43918689E+14 1.54320045E+14 1.60119575E+14
  1.66384940E+14 1.73179198E+14 1.80569291E+14 1.88643055E+14 1.98162085E+14
  2.08001220E+14 2.18910953E+14 2.26567082E+14 2.37663594E+14 2.52090590E+14
  2.60001592E+14 2.68447303E+14 2.81569158E+14 2.97698343E+14 3.09013182E+14
  3.21282651E+14 3.51711117E+14 3.65755387E+14 4.03199248E+14 4.52845153E+14
  5.07192217E+14 5.70234070E+14 6.28571705E+14 6.83519956E+14 7.48771109E+14
  8.28337462E+14 9.26846673E+14 1.05195439E+15 1.19050100E+15 1.44246657E+15
  1.77021896E+15 2.29474456E+15 3.44590728E+15 5.44607272E+15 8.61087423E+15
  1.18193780E+16 1.80159222E+16 2.38044490E+16 3.90709928E+16 5.94386260E+16
  8.16501807E+16 1.07584831E+17 1.49936881E+17 1.99987339E+17 2.80349155E+17
  3.40017781E+17 1.11625792E+18 5.38552712E+18 1.78747918E+19 5.47551928E+19
  0.00000000E+00 1.05964030E+12 2.01874602E+12 2.96993110E+12 5.67261370E+12
  8.36336941E+12 1.37692206E+13 1.91586714E+13 2.45368379E+13 3.57124509E+13
  4.62161897E+13 5.60476156E+13 6.58614990E+13 7.35181172E+13 8.21556429E+13
  9.11822320E+13 9.57901575E+13 1.04877336E+14 1.12911652E+14 1.20065516E+14
  1.26959931E+14 1.30709720E+14 1.32007812E+14 1.34003834E+14 1.38903559E+14
  1.44173685E+14 1.49858180E+14 1.56007858E+14 1.62682345E+14 1.69952295E+14
  1.77901095E+14 1.86629031E+14 1.96256960E+14 2.06935976E+14 2.16720281E+14
  2.21791253E+14 2.27110364E+14 2.32695171E+14 2.38573162E+14 2.44748304E+14
  2.51238708E+14 2.57086983E+14 2.65325958E+14 2.72983660E+14 2.81135239E+14
  2.89797618E+14 2.99003332E+14 3.08815580E+14 3.19301275E+14 3.42583785E+14
  3.55556126E+14 3.69558708E+14 3.84723710E+14 4.01210425E+14 4.19210439E+14
  4.40420633E+14 4.62308810E+14 4.86543889E+14 5.03537678E+14 5.28156156E+14
  5.60145991E+14 5.77670840E+14 5.96360200E+14 6.25341239E+14 6.60802432E+14
  6.85594986E+14 7.12389937E+14 7.78132311E+14 8.08202766E+14 8.88364124E+14
  9.94149662E+14 1.10891750E+15 1.24123774E+15 1.36312009E+15 1.47654439E+15
  1.61048126E+15 1.77190237E+15 1.96967082E+15 2.21772551E+15 2.48776137E+15
  2.97056154E+15 3.58236912E+15 4.52524875E+15 6.49161170E+15 9.66650907E+15
  1.43213106E+16 1.87792077E+16 2.69379707E+16 3.41670072E+16 5.24035257E+16
  7.54366180E+16 1.00245360E+17 1.28728143E+17 1.74567510E+17 2.28053048E+17
  3.12980407E+17 3.75541058E+17 1.17406720E+18 5.49700989E+18 1.80561750E+19
  5.50474930E+19 0.00000000E+00 1.60059753E+12 3.06142975E+12 4.51123438E+12
  8.63458223E+12 1.27498566E+13 2.10347671E+13 2.93164496E+13 3.75980884E+13
  5.48392445E+13 7.10705697E+13 8.62819562E+13 1.01482167E+14 1.13358979E+14
  1.26779457E+14 1.40819114E+14 1.47989711E+14 1.62140060E+14 1.74661193E+14
  1.85818214E+14 1.96577731E+14 2.02434223E+14 2.04462846E+14 2.07582384E+14
  2.15241294E+14 2.23481345E+14 2.32372124E+14 2.41994262E+14 2.52442434E+14
  2.63829050E+14 2.76287159E+14 2.89977141E+14 3.05092647E+14 3.21870846E+14
  3.37248061E+14 3.45217654E+14 3.53577768E+14 3.62356735E+14 3.71593753E+14
  3.81305746E+14 3.91525159E+14 4.00734754E+14 4.13712623E+14 4.25779172E+14
  4.38607850E+14 4.52240762E+14 4.66739191E+14 4.82198488E+14 4.98722526E+14
  5.35430472E+14 5.55894301E+14 5.77991209E+14 6.01929064E+14 6.27953215E+14
  6.56359631E+14 6.89828194E+14 7.24355115E+14 7.62577618E+14 7.89381278E+14
  8.28220773E+14 8.78702529E+14 9.06355580E+14 9.35838292E+14 9.81527841E+14
  1.03737069E+15 1.07639057E+15 1.11853066E+15 1.22160628E+15 1.26862114E+15
  1.39391984E+15 1.55918802E+15 1.73823566E+15 1.94448499E+15 2.13436679E+15
  2.31054296E+15 2.51837180E+15 2.76806892E+15 3.07313608E+15 3.45438233E+15
  3.86710046E+15 4.60092266E+15 5.52309554E+15 6.92715056E+15 9.80990390E+15
  1.43334900E+16 2.06416450E+16 2.64662041E+16 3.68255059E+16 4.57486923E+16
  6.76186015E+16 9.40295563E+16 1.22274816E+17 1.54295673E+17 2.05207385E+17
  2.63874994E+17 3.55904328E+17 4.23023814E+17 1.25987382E+18 5.67780372E+18
  1.83737213E+19 5.56041333E+19 0.00000000E+00 2.68507175E+12 5.14746475E+12
  7.59394615E+12 1.45591645E+13 2.15213511E+13 3.55559042E+13 4.96070499E+13
  6.36777796E+13 9.30050784E+13 1.20633767E+14 1.46547638E+14 1.72466246E+14
  1.92738951E+14 2.15668046E+14 2.39671610E+14 2.51936389E+14 2.76153671E+14
  2.97598333E+14 3.16719075E+14 3.35169621E+14 3.45218991E+14 3.48701680E+14
  3.54057587E+14 3.67209147E+14 3.81362097E+14 3.96637179E+14 4.13174580E+14
  4.31138993E+14 4.50726252E+14 4.72168660E+14 4.95746725E+14 5.21799834E+14
  5.50744163E+14 5.77286573E+14 5.91045067E+14 6.05479824E+14 6.20641091E+14
  6.36591963E+14 6.53375855E+14 6.71054592E+14 6.86991064E+14 7.09456834E+14
  7.30354214E+14 7.52555189E+14 7.76153351E+14 8.01268844E+14 8.28062996E+14
  8.56715659E+14 9.20422641E+14 9.55972728E+14 9.94387243E+14 1.03603154E+15
  1.08132844E+15 1.13078827E+15 1.18908687E+15 1.24924440E+15 1.31586378E+15
  1.36260034E+15 1.43035624E+15 1.51847338E+15 1.56675733E+15 1.61824025E+15
  1.69801743E+15 1.79549168E+15 1.86360102E+15 1.93713890E+15 2.11668183E+15
  2.19843139E+15 2.41631065E+15 2.70360824E+15 3.01462877E+15 3.37294179E+15
  3.70286455E+15 4.00832875E+15 4.36857723E+15 4.80076794E+15 5.32846473E+15
  5.98763480E+15 6.70039430E+15 7.96630205E+15 9.54895981E+15 1.19324060E+16
  1.67288670E+16 2.40221868E+16 3.39985171E+16 4.29653567E+16 5.83998668E+16
  7.12649521E+16 1.01757007E+17 1.36290516E+17 1.72784742E+17 2.13209926E+17
  2.76000436E+17 3.46840065E+17 4.55829479E+17 5.34199823E+17 1.47008479E+18
  6.15164186E+18 1.92489802E+19 5.72192841E+19 0.00000000E+00 5.39958605E+12
  1.03441289E+13 1.52658869E+13 2.93018071E+13 4.33418653E+13 7.16611063E+13
  1.00024248E+14 1.28447359E+14 1.87748908E+14 2.43646068E+14 2.96098185E+14
  3.48583059E+14 3.89651444E+14 4.36116830E+14 4.84774477E+14 5.09642044E+14
  5.58758532E+14 6.02268757E+14 6.41078108E+14 6.78540464E+14 6.98953493E+14
  7.06030518E+14 7.16915980E+14 7.43655355E+14 7.72445702E+14 8.03535269E+14
  8.37212494E+14 8.73816103E+14 9.13748926E+14 9.57489022E+14 1.00561367E+15
  1.05882125E+15 1.11796680E+15 1.17222332E+15 1.20035085E+15 1.22986393E+15
  1.26086708E+15 1.29348252E+15 1.32781920E+15 1.36401158E+15 1.39664298E+15
  1.44265789E+15 1.48547765E+15 1.53094889E+15 1.57929314E+15 1.63077668E+15
  1.68572454E+15 1.74450501E+15 1.87528294E+15 1.94831034E+15 2.02725900E+15
  2.11288370E+15 2.20606210E+15 2.30784500E+15 2.42787199E+15 2.55176558E+15
  2.68901479E+15 2.78533552E+15 2.92503966E+15 3.10684133E+15 3.20650071E+15
  3.31278373E+15 3.47749885E+15 3.67879016E+15 3.81950675E+15 3.97146747E+15
  4.34220075E+15 4.51087214E+15 4.96059946E+15 5.55401631E+15 6.19673778E+15
  6.93786675E+15 7.62110232E+15 8.25355413E+15 9.00007838E+15 9.89560267E+15
  1.09893655E+16 1.23558439E+16 1.38322802E+16 1.64545336E+16 1.97293931E+16
  2.46446344E+16 3.44829461E+16 4.92740191E+16 6.91462501E+16 8.66849314E+16
  1.16139900E+17 1.39924340E+17 1.94426313E+17 2.51787695E+17 3.11578980E+17
  3.75793495E+17 4.72397676E+17 5.78017364E+17 7.35473081E+17 8.45848438E+17
  2.06996696E+18 7.58301123E+18 2.20009953E+19 6.24990582E+19 0.00000000E+00
  1.08171571E+13 2.07255631E+13 3.05906846E+13 5.87209665E+13 8.68988631E+13
  1.43768785E+14 2.00678797E+14 2.57681522E+14 3.76658273E+14 4.88814605E+14
  5.94064929E+14 6.99387360E+14 7.81804566E+14 8.75057146E+14 9.72714610E+14
  1.02262705E+15 1.12121837E+15 1.20856755E+15 1.28649016E+15 1.36171905E+15
  1.40271857E+15 1.41693536E+15 1.43880468E+15 1.49253463E+15 1.55040002E+15
  1.61290195E+15 1.68062278E+15 1.75424614E+15 1.83458495E+15 1.92260393E+15
  2.01946777E+15 2.12658506E+15 2.24567979E+15 2.35493993E+15 2.41158204E+15
  2.47101596E+15 2.53345374E+15 2.59913457E+15 2.66829693E+15 2.74121886E+15
  2.80696919E+15 2.89969957E+15 2.98600908E+15 3.07764498E+15 3.17508210E+15
  3.27887609E+15 3.38967595E+15 3.50822262E+15 3.77204088E+15 3.91939753E+15
  4.07872799E+15 4.25155566E+15 4.43967376E+15 4.64521308E+15 4.88765923E+15
  5.13796554E+15 5.41531277E+15 5.60999298E+15 5.89243306E+15 6.26012427E+15
  6.46174008E+15 6.67679022E+15 7.01012113E+15 7.41754094E+15 7.70242919E+15
  8.01011579E+15 8.76051297E+15 9.10179241E+15 1.00118946E+16 1.12131625E+16
  1.25145674E+16 1.40159274E+16 1.54010935E+16 1.66836327E+16 1.81986434E+16
  2.00166564E+16 2.22383890E+16 2.50155899E+16 2.80166166E+16 3.33516220E+16
  4.00205356E+16 5.00306982E+16 7.00629096E+16 1.00112101E+17 1.40297966E+17
  1.75578529E+17 2.34440854E+17 2.81557030E+17 3.88132058E+17 4.95454223E+17
  6.06565017E+17 7.23446526E+17 8.95362078E+17 1.07884756E+18 1.34535860E+18
  1.52800797E+18 3.40443877E+18 1.08272553E+19 2.83427180E+19 7.48771353E+19
  0.00000000E+00 2.70849119E+13 5.19107566E+13 7.66278712E+13 1.47137264E+14
  2.17658967E+14 3.59871909E+14 5.02091667E+14 6.44313505E+14 9.40381283E+14
  1.21904574E+15 1.48030245E+15 1.74156598E+15 1.94591033E+15 2.17701785E+15
  2.41893977E+15 2.54255036E+15 2.78666457E+15 3.00289532E+15 3.19576071E+15
  3.38193738E+15 3.48339998E+15 3.51858575E+15 3.57271775E+15 3.70574539E+15
  3.84905987E+15 4.00390834E+15 4.17173995E+15 4.35425485E+15 4.55347371E+15
  4.77179342E+15 5.01210561E+15 5.27790414E+15 5.57345795E+15 5.84463800E+15
  5.98523496E+15 6.13276535E+15 6.28775683E+15 6.45079425E+15 6.62249924E+15
  6.80357460E+15 6.96685235E+15 7.19714937E+15 7.41152091E+15 7.63909119E+15
  7.88108186E+15 8.13890192E+15 8.41415615E+15 8.70868548E+15 9.36426712E+15
  9.73052245E+15 1.01265996E+16 1.05562949E+16 1.10240665E+16 1.15352069E+16
  1.21381956E+16 1.27607791E+16 1.34506780E+16 1.39349861E+16 1.46376584E+16
  1.55524695E+16 1.60540976E+16 1.65891497E+16 1.74184659E+16 1.84321026E+16
  1.91409445E+16 1.99065188E+16 2.17730951E+16 2.26217597E+16 2.48849795E+16
  2.78727714E+16 3.11100920E+16 3.48456837E+16 3.82935376E+16 4.14862043E+16
  4.52588920E+16 4.97864366E+16 5.53202478E+16 6.22380421E+16 6.97114788E+16
  8.29975069E+16 9.96040834E+16 1.24518070E+17 1.74348000E+17 2.49088861E+17
  3.48867509E+17 4.36258666E+17 5.81713656E+17 6.97798947E+17 9.58844545E+17
  1.21491467E+18 1.47945571E+18 1.75450957E+18 2.15345093E+18 2.57241148E+18
  3.16939222E+18 3.57159605E+18 7.43977062E+18 2.06956546E+19 4.77470527E+19
  1.12995433E+20 0.00000000E+00 5.41708658E+13 1.03823428E+14 1.53258310E+14
  2.94277504E+14 4.35319033E+14 7.19736391E+14 1.00416224E+15 1.28858792E+15
  1.88067455E+15 2.43794527E+15 2.96039562E+15 3.48285307E+15 3.89148331E+15
  4.35362891E+15 4.83739797E+15 5.08458048E+15 5.57273140E+15 6.00512417E+15
  6.39079451E+15 6.76309103E+15 6.96598893E+15 7.03635260E+15 7.14460445E+15
  7.41062981E+15 7.69722631E+15 8.00688793E+15 8.34251259E+15 8.70750001E+15
  9.10589083E+15 9.54247802E+15 1.00230438E+16 1.05545753E+16 1.11456280E+16
  1.16879392E+16 1.19690996E+16 1.22641203E+16 1.25740582E+16 1.29000764E+16
  1.32434376E+16 1.36055551E+16 1.39320825E+16 1.43926397E+16 1.48213490E+16
  1.52764185E+16 1.57603168E+16 1.62758772E+16 1.68262997E+16 1.74152606E+16
  1.87261919E+16 1.94585650E+16 2.02505620E+16 2.11097686E+16 2.20451112E+16
  2.30671731E+16 2.42728962E+16 2.55177883E+16 2.68972736E+16 2.78656721E+16
  2.92707540E+16 3.11001629E+16 3.21033455E+16 3.31733915E+16 3.48319482E+16
  3.68591057E+16 3.82767107E+16 3.98077484E+16 4.35401535E+16 4.52369251E+16
  4.97617783E+16 5.57349634E+16 6.22065033E+16 6.96739265E+16 7.65665893E+16
  8.29489505E+16 9.04913400E+16 9.95426062E+16 1.10605547E+17 1.24434826E+17
  1.39372839E+17 1.65929745E+17 1.99126101E+17 2.48926815E+17 3.48536227E+17
  4.97963774E+17 6.97350470E+17 8.71914894E+17 1.16270921E+18 1.39513033E+18
  1.91805075E+18 2.42733054E+18 2.95385465E+18 3.49965409E+18 4.28814840E+18
  5.11243347E+18 6.28069863E+18 7.06386292E+18 1.44243573E+19 3.80831846E+19
  8.24294672E+19 1.82187550E+20 0.00000000E+00 1.08342765E+14 2.07648752E+14
  3.06519140E+14 5.88557818E+14 8.70638908E+14 1.43946472E+15 2.00830204E+15
  2.57713451E+15 3.76125664E+15 4.87573747E+15 5.92057264E+15 6.96541530E+15
  7.78261509E+15 8.70683387E+15 9.67429338E+15 1.01686175E+16 1.11448372E+16
  1.20095497E+16 1.27808259E+16 1.35253582E+16 1.39311245E+16 1.40718432E+16
  1.42883335E+16 1.48203512E+16 1.53935083E+16 1.60127922E+16 1.66839984E+16
  1.74139257E+16 1.82106544E+16 1.90837697E+16 2.00448348E+16 2.11078228E+16
  2.22898632E+16 2.33744271E+16 2.39367091E+16 2.45267045E+16 2.51465289E+16
  2.57985020E+16 2.64851682E+16 2.72093622E+16 2.78623818E+16 2.87834489E+16
  2.96408239E+16 3.05508812E+16 3.15185827E+16 3.25496107E+16 3.36503553E+16
  3.48281635E+16 3.74497572E+16 3.89143445E+16 4.04981577E+16 4.22163604E+16
  4.40868140E+16 4.61306812E+16 4.85418255E+16 5.10312829E+16 5.37898815E+16
  5.57264190E+16 5.85362612E+16 6.21947935E+16 6.42010464E+16 6.63410386E+16
  6.96580106E+16 7.37121207E+16 7.65471821E+16 7.96090655E+16 8.70729108E+16
  9.04657903E+16 9.95136148E+16 1.11457140E+17 1.24396566E+17 1.39326963E+17
  1.53108551E+17 1.65869593E+17 1.80950476E+17 1.99047999E+17 2.21167625E+17
  2.48817739E+17 2.78682423E+17 3.31775971E+17 3.98144041E+17 4.97703800E+17
  6.96835620E+17 9.95560787E+17 1.39403269E+18 1.74282169E+18 2.32403600E+18
  2.78880281E+18 3.83460928E+18 4.84952226E+18 5.89925042E+18 6.98580333E+18
  8.55243752E+18 1.01864684E+19 1.24964946E+19 1.40410936E+19 2.83959490E+19
  7.30394796E+19 1.52438139E+20 3.22557969E+20 0.00000000E+00 1.73349045E+14
  3.32239129E+14 4.90432109E+14 9.41694087E+14 1.39302262E+15 2.30313849E+15
  3.21326934E+15 4.12338963E+15 6.01795374E+15 7.80108599E+15 9.47278193E+15
  1.11444854E+16 1.24519671E+16 1.39306718E+16 1.54785577E+16 1.62694507E+16
  1.78313510E+16 1.92148455E+16 2.04488473E+16 2.16400609E+16 2.22892684E+16
  2.25144128E+16 2.28607889E+16 2.37119963E+16 2.46290249E+16 2.56198543E+16
  2.66937570E+16 2.78616105E+16 2.91363428E+16 3.05332893E+16 3.20709504E+16
  3.37716824E+16 3.56629050E+16 3.73981679E+16 3.82977918E+16 3.92417523E+16
  4.02334358E+16 4.12765497E+16 4.23751767E+16 4.35338572E+16 4.45786628E+16
  4.60523361E+16 4.74241061E+16 4.88801458E+16 5.04284094E+16 5.20779978E+16
  5.38391290E+16 5.57235548E+16 5.99179458E+16 6.22611910E+16 6.47951831E+16
  6.75441783E+16 7.05367580E+16 7.38067797E+16 7.76644102E+16 8.16473212E+16
  8.60608239E+16 8.91591034E+16 9.36546204E+16 9.95080503E+16 1.02717959E+17
  1.06141857E+17 1.11448880E+17 1.17935274E+17 1.22471243E+17 1.27370098E+17
  1.39311564E+17 1.44739724E+17 1.59214978E+17 1.78322703E+17 1.99023336E+17
  2.22908975E+17 2.44956930E+17 2.65372019E+17 2.89498596E+17 3.18450954E+17
  3.53837692E+17 3.98071557E+17 4.45846788E+17 5.30781388E+17 6.36951177E+17
  7.96213903E+17 1.11475216E+18 1.59259021E+18 2.22988747E+18 2.78772004E+18
  3.71731939E+18 4.46059512E+18 6.13102980E+18 7.74790661E+18 9.42001412E+18
  1.11503977E+19 1.36441513E+19 1.62424409E+19 1.99114606E+19 2.23619471E+19
  4.50279731E+19 1.14605100E+20 2.35593853E+20 4.89084797E+20 0.00000000E+00
  0.00000000E+00 0.00000000E+00 0.00000000E+00 0.00000000E+00 0.00000000E+00
  0.00000000E+00 0.00000000E+00 0.00000000E+00 0.00000000E+00 0.00000000E+00
  0.00000000E+00 0.00000000E+00 0.00000000E+00 0.00000000E+00 0.00000000E+00
  0.00000000E+00 0.00000000E+00 0.00000000E+00 0.00000000E+00 0.00000000E+00
  0.00000000E+00 1.83016995E+06 1.20660002E+07 7.71931348E+07 2.15005836E+08
  4.51299475E+08 8.16228671E+08 1.34812392E+09 2.10082785E+09 3.14469519E+09
  4.56969133E+09 6.49630221E+09 9.08805012E+09 1.18946762E+10 1.35141625E+10
  1.53375748E+10 1.73890323E+10 1.97314845E+10 2.23933993E+10 2.51421356E+10
  2.74975615E+10 3.06382146E+10 3.33790508E+10 3.63583569E+10 3.99634289E+10
  4.42072534E+10 4.91012726E+10 5.47692502E+10 6.90388626E+10 7.79899436E+10
  8.84348793E+10 1.00682743E+11 1.15109039E+11 1.32165873E+11 1.53976759E+11
  1.78372702E+11 2.07619155E+11 2.29424235E+11 2.62681773E+11 3.08536395E+11
  3.34797219E+11 3.63620960E+11 4.09870683E+11 4.69121520E+11 5.12399797E+11
  5.60874262E+11 6.88930314E+11 7.52933687E+11 9.40203388E+11 1.21791258E+12
  1.55263449E+12 1.97284983E+12 2.37905215E+12 2.76717793E+12 3.23795678E+12
  3.81466377E+12 4.53365526E+12 5.44448824E+12 6.43962953E+12 8.22445154E+12
  1.04610258E+13 1.38278256E+13 2.05444132E+13 3.04273831E+13 4.32190043E+13
  5.40610325E+13 7.14749882E+13 8.49163433E+13 1.13866283E+14 1.41171963E+14
  1.69064973E+14 1.96791793E+14 2.35064400E+14 2.73193445E+14 3.24573242E+14
  3.57502745E+14 6.30084403E+14 1.30187539E+15 2.22160409E+15 3.70145461E+15
  9.71197924E+09 9.71197924E+09 9.71197924E+09 9.71197924E+09 9.71197924E+09
  9.71197924E+09 9.71197924E+09 9.71197924E+09 9.71197924E+09 9.71197924E+09
  9.71197924E+09 9.76461906E+09 1.04055872E+10 1.08012914E+10 1.08251103E+10
  1.04682784E+10 1.01388171E+10 9.42005893E+09 8.75536614E+09 8.28220478E+09
  7.96464475E+09 7.84698742E+09 7.81452303E+09 7.77384205E+09 7.71477190E+09
  7.72013401E+09 7.81930689E+09 8.03757778E+09 8.41636603E+09 9.00511646E+09
  9.87784426E+09 1.11199010E+10 1.28517963E+10 1.52380249E+10 1.78638243E+10
  1.93919401E+10 2.11219621E+10 2.30780085E+10 2.53209811E+10 2.78827391E+10
  3.05270236E+10 3.27912727E+10 3.58064942E+10 3.84345153E+10 4.12971915E+10
  4.47830340E+10 4.89026746E+10 5.36708019E+10 5.92080233E+10 7.32044033E+10
  8.20128641E+10 9.23105701E+10 1.04406696E+11 1.18676750E+11 1.35572802E+11
  1.57206255E+11 1.81431369E+11 2.10501691E+11 2.32191605E+11 2.65292669E+11
  3.10960005E+11 3.37125885E+11 3.65853571E+11 4.11964320E+11 4.71060247E+11
  5.14239305E+11 5.62614145E+11 6.90455038E+11 7.54372182E+11 9.41441745E+11
  1.21893999E+12 1.55348459E+12 1.97354333E+12 2.37963419E+12 2.76767787E+12
  3.23837917E+12 3.81501388E+12 4.53393884E+12 5.44471169E+12 6.43980687E+12
  8.22457560E+12 1.04611111E+13 1.38278796E+13 2.05444405E+13 3.04273963E+13
  4.32190109E+13 5.40610367E+13 7.14749905E+13 8.49163449E+13 1.13866284E+14
  1.41171964E+14 1.69064973E+14 1.96791793E+14 2.35064401E+14 2.73193445E+14
  3.24573242E+14 3.57502745E+14 6.30084403E+14 1.30187539E+15 2.22160409E+15
  3.70145461E+15 2.93443882E+10 2.93443882E+10 2.93443882E+10 2.93443882E+10
  2.93443882E+10 2.93443882E+10 2.93443882E+10 2.93443882E+10 2.93443882E+10
  2.93443882E+10 2.93443882E+10 2.93335615E+10 2.76324030E+10 2.61097712E+10
  2.44161618E+10 2.25658422E+10 2.17631362E+10 2.05116132E+10 1.97223019E+10
  1.92234241E+10 1.88834737E+10 1.87551026E+10 1.87180749E+10 1.86687242E+10
  1.85884172E+10 1.85711312E+10 1.86463098E+10 1.88389086E+10 1.91857109E+10
  1.97390573E+10 2.05739892E+10 2.17726111E+10 2.34529136E+10 2.57835247E+10
  2.83549642E+10 2.98539986E+10 3.15539648E+10 3.34789999E+10 3.56896387E+10
  3.82139783E+10 4.08189670E+10 4.30484546E+10 4.60155213E+10 4.85965499E+10
  5.14080346E+10 5.48407767E+10 5.89048421E+10 6.36091994E+10 6.90795968E+10
  8.29263255E+10 9.16510770E+10 1.01857665E+11 1.13853336E+11 1.28016146E+11
  1.44792227E+11 1.66286453E+11 1.90367922E+11 2.19277982E+11 2.40859194E+11
  2.73798970E+11 3.19260599E+11 3.45316602E+11 3.73925391E+11 4.19857218E+11
  4.78737412E+11 5.21766607E+11 5.69985189E+11 6.97454447E+11 7.61208393E+11
  9.47862579E+11 1.22485058E+12 1.55889257E+12 1.97843058E+12 2.38409125E+12
  2.77177726E+12 3.24210036E+12 3.81833540E+12 4.53684311E+12 5.44718343E+12
  6.44190096E+12 8.22616628E+12 1.04622773E+13 1.38286563E+13 2.05448452E+13
  3.04275943E+13 4.32191112E+13 5.40611007E+13 7.14750263E+13 8.49163697E+13
  1.13866297E+14 1.41171972E+14 1.69064978E+14 1.96791797E+14 2.35064403E+14
  2.73193447E+14 3.24573243E+14 3.57502746E+14 6.30084403E+14 1.30187539E+15
  2.22160409E+15 3.70145461E+15 7.44265146E+10 7.44265146E+10 7.44265146E+10
  7.44265146E+10 7.44265146E+10 7.44265146E+10 7.44265146E+10 7.44265146E+10
  7.44265146E+10 7.44265146E+10 7.44265146E+10 5.67321887E+10 5.28079902E+10
  4.95989703E+10 4.68669410E+10 4.47832466E+10 4.39741852E+10 4.27111476E+10
  4.19096434E+10 4.13972739E+10 4.10397350E+10 4.09031663E+10 4.08638063E+10
  4.08108792E+10 4.07218432E+10 4.06952481E+10 4.07558075E+10 4.09324642E+10
  4.12621437E+10 4.17970477E+10 4.26121320E+10 4.37892933E+10 4.54462456E+10
  4.77433727E+10 5.02842527E+10 5.17676359E+10 5.34513162E+10 5.53595291E+10
  5.75526284E+10 6.00586618E+10 6.26445230E+10 6.48543929E+10 6.77917776E+10
  7.03454803E+10 7.31282688E+10 7.65309705E+10 8.05635696E+10 8.52347273E+10
  9.06671714E+10 1.04422583E+11 1.13097663E+11 1.23251631E+11 1.35188525E+11
  1.49281521E+11 1.65982708E+11 1.87391198E+11 2.11379321E+11 2.40182256E+11
  2.61690631E+11 2.94524382E+11 3.39838163E+11 3.65815583E+11 3.94341849E+11
  4.40137323E+11 4.98853007E+11 5.41769251E+11 5.89858173E+11 7.17020475E+11
  7.80629797E+11 9.66906104E+11 1.24339257E+12 1.57689432E+12 1.99581848E+12
  2.40092079E+12 2.78809860E+12 3.25783426E+12 3.83338691E+12 4.55109986E+12
  5.46050089E+12 6.45427437E+12 8.23703271E+12 1.04715481E+13 1.38360294E+13
  2.05496755E+13 3.04303883E+13 4.32206496E+13 5.40621081E+13 7.14755977E+13
  8.49167672E+13 1.13866507E+14 1.41172103E+14 1.69065067E+14 1.96791860E+14
  2.35064445E+14 2.73193477E+14 3.24573263E+14 3.57502762E+14 6.30084407E+14
  1.30187539E+15 2.22160409E+15 3.70145461E+15 1.70266327E+11 1.70266327E+11
  1.70266327E+11 1.70266327E+11 1.70266327E+11 1.70266327E+11 1.70266327E+11
  1.70266327E+11 1.70266327E+11 1.19351536E+11 1.11929323E+11 1.03195432E+11
  9.73423346E+10 9.41075254E+10 9.13855897E+10 8.93054268E+10 8.84973356E+10
  8.72359638E+10 8.64360662E+10 8.59227618E+10 8.55585706E+10 8.54101771E+10
  8.53696439E+10 8.53149178E+10 8.52214910E+10 8.51902133E+10 8.52457675E+10
  8.54170619E+10 8.57409820E+10 8.62696827E+10 8.70715388E+10 8.82341917E+10
  8.98753579E+10 9.21552377E+10 9.46805608E+10 9.61559763E+10 9.78312532E+10
  9.97308686E+10 1.01915004E+11 1.04411681E+11 1.06987767E+11 1.09188900E+11
  1.12114085E+11 1.14656556E+11 1.17427549E+11 1.20813540E+11 1.24826599E+11
  1.29477141E+11 1.34887796E+11 1.48595639E+11 1.57244593E+11 1.67370977E+11
  1.79278391E+11 1.93339791E+11 2.10004337E+11 2.31360541E+11 2.55295673E+11
  2.84040979E+11 3.05509624E+11 3.38286985E+11 3.83528801E+11 4.09459194E+11
  4.37934595E+11 4.83652396E+11 5.42275129E+11 5.85128000E+11 6.33149435E+11
  7.60126432E+11 8.23650662E+11 1.00970763E+12 1.28587946E+12 1.61904688E+12
  2.03755715E+12 2.44227731E+12 2.82909418E+12 3.29839507E+12 3.87342867E+12
  4.59048793E+12 5.49906796E+12 6.49195245E+12 8.27312933E+12 1.05057104E+13
  1.38674161E+13 2.05760697E+13 3.04507828E+13 4.32353278E+13 5.40733455E+13
  7.14830869E+13 8.49223780E+13 1.13869716E+14 1.41174168E+14 1.69066478E+14
  1.96792872E+14 2.35065123E+14 2.73193955E+14 3.24573582E+14 3.57503015E+14
  6.30084470E+14 1.30187540E+15 2.22160410E+15 3.70145461E+15 3.83951398E+11
  3.83951398E+11 3.83801787E+11 3.83748642E+11 3.83721265E+11 3.83706121E+11
  3.83577336E+11 3.09345724E+11 2.90582631E+11 2.60951370E+11 2.45794521E+11
  2.37193223E+11 2.31380465E+11 2.28152641E+11 2.25441475E+11 2.23370574E+11
  2.22567942E+11 2.21315342E+11 2.20520846E+11 2.20012675E+11 2.19637999E+11
  2.19473091E+11 2.19431383E+11 2.19374855E+11 2.19277029E+11 2.19241060E+11
  2.19291600E+11 2.19457522E+11 2.19775672E+11 2.20298158E+11 2.21093300E+11
  2.22248675E+11 2.23881922E+11 2.26153149E+11 2.28670668E+11 2.30142086E+11
  2.31811411E+11 2.33702369E+11 2.35877478E+11 2.38364734E+11 2.40930975E+11
  2.43123312E+11 2.46036211E+11 2.48567372E+11 2.51326489E+11 2.54703721E+11
  2.58710208E+11 2.63353816E+11 2.68757143E+11 2.82448989E+11 2.91083791E+11
  3.01191528E+11 3.13079014E+11 3.27119054E+11 3.43760637E+11 3.65090227E+11
  3.88998385E+11 4.17714356E+11 4.39153015E+11 4.71887061E+11 5.17073597E+11
  5.42974184E+11 5.71418161E+11 6.17087979E+11 6.75652357E+11 7.18465877E+11
  7.66445405E+11 8.93322585E+11 9.56802494E+11 1.14270915E+12 1.41868606E+12
  1.75160615E+12 2.16987779E+12 2.57435050E+12 2.96092316E+12 3.42991955E+12
  4.00459995E+12 4.72121765E+12 5.62919578E+12 6.62144495E+12 8.40140541E+12
  1.06324393E+13 1.39916885E+13 2.06952409E+13 3.05621625E+13 4.33365483E+13
  5.41663025E+13 7.15636340E+13 8.49943279E+13 1.13925931E+14 1.41219052E+14
  1.69102521E+14 1.96822015E+14 2.35087085E+14 2.73210749E+14 3.24585539E+14
  3.57512770E+14 6.30087043E+14 1.30187578E+15 2.22160419E+15 3.70145463E+15
  5.55362387E+11 5.55362387E+11 5.50533885E+11 5.48936583E+11 5.47496887E+11
  5.45676987E+11 4.31498381E+11 4.03808741E+11 3.81450863E+11 3.50569201E+11
  3.35386263E+11 3.26777946E+11 3.20959946E+11 3.17735905E+11 3.15030399E+11
  3.12986394E+11 3.12193652E+11 3.10961106E+11 3.10185675E+11 3.09696614E+11
  3.09348194E+11 3.09178746E+11 3.09137038E+11 3.09080510E+11 3.08982685E+11
  3.08946718E+11 3.08997259E+11 3.09163182E+11 3.09481334E+11 3.10003821E+11
  3.10798965E+11 3.11954341E+11 3.13587590E+11 3.15858819E+11 3.18376340E+11
  3.19847759E+11 3.21517085E+11 3.23408044E+11 3.25583153E+11 3.28070411E+11
  3.30636653E+11 3.32828991E+11 3.35741892E+11 3.38273054E+11 3.41032172E+11
  3.44405673E+11 3.48405576E+11 3.53042237E+11 3.58438222E+11 3.72114040E+11
  3.80740067E+11 3.90838449E+11 4.02715937E+11 4.16745261E+11 4.33376725E+11
  4.54706317E+11 4.78614478E+11 5.07330452E+11 5.28769114E+11 5.61503163E+11
  6.06689703E+11 6.32590293E+11 6.61034273E+11 7.06704094E+11 7.65259618E+11
  8.08059903E+11 8.56025338E+11 9.82868948E+11 1.04633395E+12 1.23220180E+12
  1.50812938E+12 1.84104170E+12 2.25925654E+12 2.66367871E+12 3.05020599E+12
  3.51915030E+12 4.09372509E+12 4.81027141E+12 5.71816414E+12 6.71025549E+12
  8.49000257E+12 1.07206884E+13 1.40794506E+13 2.07818710E+13 3.06469333E+13
  4.34187088E+13 5.42460158E+13 7.16391783E+13 8.50665529E+13 1.13990852E+14
  1.41277354E+14 1.69154588E+14 1.96868309E+14 2.35126201E+14 2.73243705E+14
  3.24611611E+14 3.57535236E+14 6.30094327E+14 1.30187689E+15 2.22160445E+15
  3.70145470E+15 8.28379739E+11 8.28379739E+11 7.70624971E+11 7.46721683E+11
  6.79875849E+11 6.25424309E+11 5.75629770E+11 5.37138272E+11 5.14347473E+11
  4.84543635E+11 4.69118719E+11 4.60629731E+11 4.54995650E+11 4.51893099E+11
  4.49325349E+11 4.47411812E+11 4.46691871E+11 4.45608866E+11 4.44971909E+11
  4.44621977E+11 4.44443824E+11 4.44223011E+11 4.44181303E+11 4.44124776E+11
  4.44026954E+11 4.43990988E+11 4.44041532E+11 4.44207458E+11 4.44525612E+11
  4.45048103E+11 4.45843250E+11 4.46998630E+11 4.48631882E+11 4.50903116E+11
  4.53420641E+11 4.54892062E+11 4.56561390E+11 4.58452351E+11 4.60627463E+11
  4.63114722E+11 4.65680968E+11 4.67873307E+11 4.70786211E+11 4.73317376E+11
  4.76076497E+11 4.79450001E+11 4.83449908E+11 4.88086572E+11 4.93482561E+11
  5.07158386E+11 5.15784418E+11 5.25882805E+11 5.37760298E+11 5.51789627E+11
  5.68419696E+11 5.89735940E+11 6.13630572E+11 6.42331833E+11 6.63760332E+11
  6.96479862E+11 7.41647873E+11 7.67538471E+11 7.95971918E+11 8.41625656E+11
  9.00169144E+11 9.42969436E+11 9.90934878E+11 1.11777850E+12 1.18124351E+12
  1.36711138E+12 1.64303898E+12 1.97590600E+12 2.39406389E+12 2.79843537E+12
  3.18491715E+12 3.65380923E+12 4.22836556E+12 4.94484082E+12 5.85264767E+12
  6.84464991E+12 8.62416074E+12 1.08546648E+13 1.42129828E+13 2.09145709E+13
  3.07782561E+13 4.35478780E+13 5.43732564E+13 7.17629665E+13 8.51874910E+13
  1.14105108E+14 1.41385151E+14 1.69255809E+14 1.96962991E+14 2.35212024E+14
  2.73321055E+14 3.24678404E+14 3.57595841E+14 6.30120913E+14 1.30188168E+15
  2.22160560E+15 3.70145500E+15 1.76780191E+12 1.76780191E+12 1.47072727E+12
  1.29821785E+12 1.05409018E+12 9.39116448E+11 8.31417038E+11 7.90608893E+11
  7.68085369E+11 7.45935852E+11 7.37522549E+11 7.38859770E+11 7.44978662E+11
  7.51961628E+11 7.61267960E+11 7.72014376E+11 7.77812868E+11 7.89436006E+11
  7.99825065E+11 8.09029731E+11 8.17785866E+11 8.22320341E+11 8.23853960E+11
  8.26150572E+11 8.31504972E+11 8.36880087E+11 8.42317263E+11 8.47858087E+11
  8.53548991E+11 8.59446174E+11 8.65613660E+11 8.72123151E+11 8.79049013E+11
  8.86567404E+11 8.93488018E+11 8.97110103E+11 9.00947553E+11 9.05025910E+11
  9.09414499E+11 9.14138041E+11 9.18981233E+11 9.23151757E+11 9.28747511E+11
  9.33667918E+11 9.38867654E+11 9.44733662E+11 9.51284568E+11 9.58538335E+11
  9.66615035E+11 9.85915664E+11 9.97490542E+11 1.01064460E+12 1.02570161E+12
  1.04303924E+12 1.06311121E+12 1.08823544E+12 1.11579476E+12 1.14820527E+12
  1.17200076E+12 1.20779042E+12 1.25602333E+12 1.28298903E+12 1.31200456E+12
  1.35785669E+12 1.41662810E+12 1.45955803E+12 1.50759041E+12 1.63469204E+12
  1.69853947E+12 1.88542255E+12 2.16282957E+12 2.49771633E+12 2.91831989E+12
  3.32393045E+12 3.71096980E+12 4.18036951E+12 4.75682865E+12 5.47693551E+12
  6.39061318E+12 7.38949139E+12 9.18133764E+12 1.14263388E+13 1.48038346E+13
  2.15207013E+13 3.13886166E+13 4.41503911E+13 5.49713518E+13 7.23488370E+13
  8.57624169E+13 1.14646425E+14 1.41899333E+14 1.69741684E+14 1.97421750E+14
  2.35635979E+14 2.73713706E+14 3.25021849E+14 3.57909928E+14 6.30377302E+14
  1.30215481E+15 2.22188137E+15 3.70172858E+15 5.05929836E+12 5.05929836E+12
  4.49453435E+12 4.15622850E+12 3.64769033E+12 3.37501204E+12 3.06683623E+12
  2.89470184E+12 2.78660868E+12 2.63915201E+12 2.56116206E+12 2.51460328E+12
  2.48205282E+12 2.46348140E+12 2.44751855E+12 2.43504875E+12 2.43013013E+12
  2.42227498E+12 2.41710648E+12 2.41352763E+12 2.41079487E+12 2.40953683E+12
  2.40910626E+12 2.40842732E+12 2.40668813E+12 2.40472348E+12 2.40253011E+12
  2.40010883E+12 2.39746939E+12 2.39463875E+12 2.39166383E+12 2.38863031E+12
  2.38557929E+12 2.38311685E+12 2.38218439E+12 2.38212172E+12 2.38229430E+12
  2.38272709E+12 2.38349755E+12 2.38461996E+12 2.38589231E+12 2.38701492E+12
  2.38855987E+12 2.38992649E+12 2.39154604E+12 2.39378968E+12 2.39665977E+12
  2.40014824E+12 2.40438077E+12 2.41576339E+12 2.42331381E+12 2.43247757E+12
  2.44368615E+12 2.45749672E+12 2.47460786E+12 2.49755715E+12 2.52453988E+12
  2.55632127E+12 2.57921032E+12 2.61330406E+12 2.65923613E+12 2.68524682E+12
  2.71368304E+12 2.75921921E+12 2.81737784E+12 2.85981714E+12 2.90732229E+12
  3.03300472E+12 3.09607513E+12 3.28098212E+12 3.55628942E+12 3.88952124E+12
  4.30857229E+12 4.71404717E+12 5.10149172E+12 5.57128172E+12 6.14797518E+12
  6.86794468E+12 7.78173256E+12 8.78077182E+12 1.05720257E+13 1.28158847E+13
  1.61943276E+13 2.29242880E+13 3.28012472E+13 4.55839729E+13 5.64268291E+13
  7.38380117E+13 8.72784252E+13 1.16211198E+14 1.43510565E+14 1.71390432E+14
  1.99101623E+14 2.37351422E+14 2.75459459E+14 3.26785549E+14 3.59657715E+14
  6.31712701E+14 1.30307882E+15 2.22242318E+15 3.70194228E+15 1.15593395E+13
  1.15593395E+13 1.05851447E+13 1.00010178E+13 9.10592048E+12 8.60653167E+12
  7.98711156E+12 7.59687019E+12 7.32503654E+12 6.92065792E+12 6.67794017E+12
  6.51550487E+12 6.38927066E+12 6.30910081E+12 6.23255336E+12 6.16464943E+12
  6.13417286E+12 6.07992833E+12 6.03756961E+12 6.00368300E+12 5.97376728E+12
  5.95847974E+12 5.95331163E+12 5.94545063E+12 5.92656069E+12 5.90680524E+12
  5.88606480E+12 5.86422714E+12 5.84119234E+12 5.81688761E+12 5.79127996E+12
  5.76440060E+12 5.73635431E+12 5.70756674E+12 5.68350944E+12 5.67178240E+12
  5.65993241E+12 5.64793680E+12 5.63585592E+12 5.62364199E+12 5.61108446E+12
  5.59992303E+12 5.58446259E+12 5.57031453E+12 5.55578890E+12 5.54121532E+12
  5.52654703E+12 5.51171966E+12 5.49681113E+12 5.46716359E+12 5.45266989E+12
  5.43863580E+12 5.42535397E+12 5.41327311E+12 5.40304960E+12 5.39500505E+12
  5.39116483E+12 5.39197707E+12 5.39541380E+12 5.40419667E+12 5.42207742E+12
  5.43473955E+12 5.45020328E+12 5.47751460E+12 5.51540207E+12 5.54454817E+12
  5.57832351E+12 5.67239458E+12 5.72181181E+12 5.87218721E+12 6.10683013E+12
  6.40168780E+12 6.78360055E+12 7.16195397E+12 7.52937527E+12 7.98155161E+12
  8.54388836E+12 9.25366990E+12 1.01622259E+13 1.11601057E+13 1.29512384E+13
  1.51928886E+13 1.85692239E+13 2.52971228E+13 3.51794733E+13 4.79631570E+13
  5.87994367E+13 7.61964605E+13 8.96259930E+13 1.18527614E+14 1.45815766E+14
  1.73684150E+14 2.01385682E+14 2.39624058E+14 2.77722683E+14 3.29047425E+14
  3.61930846E+14 6.34200715E+14 1.30557523E+15 2.22497853E+15 3.70450859E+15
  2.85101668E+13 2.85101668E+13 2.58773583E+13 2.44466483E+13 2.24988990E+13
  2.13966136E+13 2.00218382E+13 1.91378348E+13 1.85056637E+13 1.75341353E+13
  1.69154695E+13 1.64792863E+13 1.61263577E+13 1.58937347E+13 1.56644151E+13
  1.54543985E+13 1.53575893E+13 1.51819837E+13 1.50417229E+13 1.49273536E+13
  1.48247274E+13 1.47716453E+13 1.47536411E+13 1.47262838E+13 1.46607450E+13
  1.45926636E+13 1.45218270E+13 1.44480109E+13 1.43709720E+13 1.42904500E+13
  1.42061667E+13 1.41178248E+13 1.40251595E+13 1.39275412E+13 1.38422463E+13
  1.37995917E+13 1.37559421E+13 1.37111758E+13 1.36652643E+13 1.36181014E+13
  1.35694118E+13 1.35263279E+13 1.34669365E+13 1.34129792E+13 1.33572624E+13
  1.33000082E+13 1.32410492E+13 1.31801958E+13 1.31173884E+13 1.29856977E+13
  1.29167320E+13 1.28456722E+13 1.27726150E+13 1.26977653E+13 1.26214906E+13
  1.25387079E+13 1.24611345E+13 1.23841669E+13 1.23354155E+13 1.22719499E+13
  1.22017054E+13 1.21687697E+13 1.21376334E+13 1.20967450E+13 1.20576039E+13
  1.20366237E+13 1.20193535E+13 1.20004832E+13 1.20032994E+13 1.20411222E+13
  1.21418563E+13 1.22974179E+13 1.25278501E+13 1.27805554E+13 1.30430897E+13
  1.33810184E+13 1.38168104E+13 1.43853368E+13 1.51351550E+13 1.59836853E+13
  1.75628039E+13 1.96143405E+13 2.28013848E+13 2.93319491E+13 3.90891490E+13
  5.17963919E+13 6.25960581E+13 7.99512253E+13 9.33587397E+13 1.22205741E+14
  1.49473324E+14 1.77313696E+14 2.04983939E+14 2.43150444E+14 2.81170843E+14
  3.32442599E+14 3.65301605E+14 6.37292433E+14 1.30821508E+15 2.22730865E+15
  3.70652277E+15 7.91103437E+13 7.91103437E+13 7.48028131E+13 7.20891685E+13
  6.76524561E+13 6.49568321E+13 6.14470224E+13 5.91127755E+13 5.74108636E+13
  5.47611035E+13 5.30572881E+13 5.18413395E+13 5.08413240E+13 5.01726482E+13
  4.95052082E+13 4.88860505E+13 4.85975236E+13 4.80686419E+13 4.76410450E+13
  4.72881823E+13 4.69689367E+13 4.68030153E+13 4.67466850E+13 4.66611376E+13
  4.64564440E+13 4.62442661E+13 4.60240731E+13 4.57952960E+13 4.55572945E+13
  4.53093434E+13 4.50506184E+13 4.47801912E+13 4.44970001E+13 4.41997672E+13
  4.39417342E+13 4.38130637E+13 4.36815718E+13 4.35471124E+13 4.34095920E+13
  4.32688129E+13 4.31243239E+13 4.29972269E+13 4.28227738E+13 4.26650564E+13
  4.25025004E+13 4.23351025E+13 4.21624508E+13 4.19840956E+13 4.17996987E+13
  4.14112339E+13 4.12064057E+13 4.09939446E+13 4.07735331E+13 4.05447110E+13
  4.03068312E+13 4.00410993E+13 3.97823015E+13 3.95125890E+13 3.93331929E+13
  3.90865222E+13 3.87882314E+13 3.86349578E+13 3.84789361E+13 3.82512003E+13
  3.79943853E+13 3.78280896E+13 3.76600756E+13 3.72983698E+13 3.71556252E+13
  3.68300571E+13 3.64968823E+13 3.62336652E+13 3.60319523E+13 3.59218098E+13
  3.58735521E+13 3.58716233E+13 3.59333458E+13 3.60866706E+13 3.63704668E+13
  3.67688365E+13 3.76485953E+13 3.89577265E+13 4.12277542E+13 4.64013726E+13
  5.48982132E+13 6.66530148E+13 7.69581846E+13 9.38329081E+13 1.07011571E+14
  1.35463309E+14 1.62538062E+14 1.90214492E+14 2.17759198E+14 2.55833334E+14
  2.93813403E+14 3.45051472E+14 3.77918629E+14 6.50506451E+14 1.32366234E+15
  2.24593697E+15 3.72881237E+15 1.47974036E+14 1.47974036E+14 1.43985196E+14
  1.41346022E+14 1.36713397E+14 1.33722014E+14 1.29564316E+14 1.26603544E+14
  1.24313678E+14 1.20547705E+14 1.17914995E+14 1.15921805E+14 1.14216767E+14
  1.13037788E+14 1.11833630E+14 1.10693660E+14 1.10155819E+14 1.09161761E+14
  1.08349078E+14 1.07672255E+14 1.07055656E+14 1.06733655E+14 1.06624129E+14
  1.06457629E+14 1.06058341E+14 1.05642984E+14 1.05210199E+14 1.04758531E+14
  1.04286373E+14 1.03791937E+14 1.03273238E+14 1.02728090E+14 1.02154160E+14
  1.01548044E+14 1.01018223E+14 1.00752845E+14 1.00481010E+14 1.00202537E+14
  9.99172391E+13 9.96247605E+13 9.93243932E+13 9.90600777E+13 9.86970039E+13
  9.83686235E+13 9.80298939E+13 9.76805140E+13 9.73197510E+13 9.69468039E+13
  9.65609514E+13 9.57471029E+13 9.53173507E+13 9.48709635E+13 9.44069282E+13
  9.39239512E+13 9.34204296E+13 9.28560323E+13 9.23039415E+13 9.17251727E+13
  9.13379010E+13 9.08014220E+13 9.01438322E+13 8.98011542E+13 8.94485321E+13
  8.89264882E+13 8.83260574E+13 8.79291807E+13 8.75203988E+13 8.66037885E+13
  8.62222973E+13 8.52942332E+13 8.42342279E+13 8.32625969E+13 8.23245491E+13
  8.15927377E+13 8.10098492E+13 8.04206188E+13 7.98324900E+13 7.92602606E+13
  7.87244172E+13 7.83262238E+13 7.79599228E+13 7.79260218E+13 7.84755337E+13
  8.08870983E+13 8.62503518E+13 9.48296161E+13 1.02917360E+14 1.16893293E+14
  1.28352377E+14 1.54161479E+14 1.79867751E+14 2.06686827E+14 2.33724200E+14
  2.71527238E+14 3.09448257E+14 3.60613460E+14 3.93426913E+14 6.65953258E+14
  1.33936086E+15 2.26208741E+15 3.74599135E+15 2.62367105E+14 2.62367105E+14
  2.59800375E+14 2.57842762E+14 2.54053520E+14 2.51627896E+14 2.48233418E+14
  2.45716253E+14 2.43707573E+14 2.40311737E+14 2.37841194E+14 2.35924975E+14
  2.34260360E+14 2.33094969E+14 2.31886619E+14 2.30722949E+14 2.30163971E+14
  2.29115950E+14 2.28245213E+14 2.27509633E+14 2.26831427E+14 2.26474058E+14
  2.26351999E+14 2.26165980E+14 2.25717653E+14 2.25248039E+14 2.24755290E+14
  2.24237335E+14 2.23691791E+14 2.23115875E+14 2.22506326E+14 2.21859332E+14
  2.21170324E+14 2.20433896E+14 2.19783407E+14 2.19455133E+14 2.19116975E+14
  2.18768404E+14 2.18408923E+14 2.18037912E+14 2.17654465E+14 2.17315239E+14
  2.16846860E+14 2.16420931E+14 2.15979175E+14 2.15520830E+14 2.15044639E+14
  2.14549199E+14 2.14033093E+14 2.12932080E+14 2.12343375E+14 2.11726112E+14
  2.11077722E+14 2.10395208E+14 2.09676033E+14 2.08862534E+14 2.08060096E+14
  2.07211797E+14 2.06640128E+14 2.05842762E+14 2.04856521E+14 2.04338653E+14
  2.03802959E+14 2.03004774E+14 2.02078832E+14 2.01461454E+14 2.00820560E+14
  1.99362492E+14 1.98745814E+14 1.97223568E+14 1.95442779E+14 1.93748128E+14
  1.92034167E+14 1.90635127E+14 1.89470522E+14 1.88231889E+14 1.86911936E+14
  1.85506436E+14 1.84011043E+14 1.82665555E+14 1.80807114E+14 1.79179648E+14
  1.77716855E+14 1.76775751E+14 1.77799731E+14 1.81986252E+14 1.87361159E+14
  1.97898432E+14 2.07124775E+14 2.28755762E+14 2.51362183E+14 2.75424530E+14
  2.99865778E+14 3.34344625E+14 3.69264850E+14 4.16990306E+14 4.47927457E+14
  7.11149849E+14 1.35728409E+15 2.29916749E+15 3.77178147E+15 3.75277075E+14
  3.75277075E+14 3.72671103E+14 3.70736800E+14 3.67015046E+14 3.64612908E+14
  3.61244212E+14 3.58785547E+14 3.56836362E+14 3.53548904E+14 3.51152197E+14
  3.49284469E+14 3.47656197E+14 3.46505358E+14 3.45309982E+14 3.44158376E+14
  3.43608064E+14 3.42581989E+14 3.41732638E+14 3.41017073E+14 3.40358424E+14
  3.40011718E+14 3.39893348E+14 3.39712987E+14 3.39278469E+14 3.38823548E+14
  3.38346433E+14 3.37845119E+14 3.37317296E+14 3.36760269E+14 3.36170870E+14
  3.35545380E+14 3.34879337E+14 3.34167306E+14 3.33537963E+14 3.33220162E+14
  3.32892636E+14 3.32554843E+14 3.32206265E+14 3.31846258E+14 3.31473878E+14
  3.31144157E+14 3.30688425E+14 3.30273487E+14 3.29842604E+14 3.29394951E+14
  3.28929193E+14 3.28443835E+14 3.27937341E+14 3.26853543E+14 3.26272045E+14
  3.25660720E+14 3.25016651E+14 3.24336541E+14 3.23616849E+14 3.22797183E+14
  3.21981906E+14 3.21112540E+14 3.20522151E+14 3.19692460E+14 3.18656074E+14
  3.18107276E+14 3.17536185E+14 3.16678657E+14 3.15673560E+14 3.14996964E+14
  3.14288931E+14 3.12655649E+14 3.11954779E+14 3.10198055E+14 3.08093774E+14
  3.06041061E+14 3.03910031E+14 3.02124798E+14 3.00604341E+14 2.98957195E+14
  2.97170006E+14 2.95218735E+14 2.93069007E+14 2.91036973E+14 2.87986480E+14
  2.84936026E+14 2.81546131E+14 2.77623831E+14 2.75891491E+14 2.77310678E+14
  2.80394797E+14 2.87606944E+14 2.94509511E+14 3.11465949E+14 3.30057364E+14
  3.50409604E+14 3.71409193E+14 4.01460529E+14 4.32321673E+14 4.74995062E+14
  5.02880700E+14 7.43837800E+14 1.37220808E+15 2.30969226E+15 3.78773867E+15
  5.86731124E+14 5.86731124E+14 5.84028368E+14 5.82149084E+14 5.78771127E+14
  5.76363418E+14 5.73194521E+14 5.70972212E+14 5.69275478E+14 5.66473831E+14
  5.64440632E+14 5.62879697E+14 5.61532768E+14 5.60591779E+14 5.59617700E+14
  5.58680932E+14 5.58232228E+14 5.57391327E+14 5.56692480E+14 5.56101451E+14
  5.55555520E+14 5.55267362E+14 5.55168851E+14 5.55018613E+14 5.54655919E+14
  5.54274942E+14 5.53873850E+14 5.53450576E+14 5.53002738E+14 5.52527557E+14
  5.52021779E+14 5.51481598E+14 5.50902495E+14 5.50278902E+14 5.49723736E+14
  5.49441947E+14 5.49150521E+14 5.48848883E+14 5.48536475E+14 5.48212605E+14
  5.47876274E+14 5.47577328E+14 5.47162349E+14 5.46782691E+14 5.46386594E+14
  5.45973072E+14 5.45540589E+14 5.45087400E+14 5.44611654E+14 5.43583439E+14
  5.43025610E+14 5.42434137E+14 5.41805089E+14 5.41132917E+14 5.40416455E+14
  5.39604968E+14 5.38805757E+14 5.37959514E+14 5.37387826E+14 5.36587642E+14
  5.35592141E+14 5.35066364E+14 5.34519989E+14 5.33700690E+14 5.32741492E+14
  5.32096040E+14 5.31420479E+14 5.29860303E+14 5.29189622E+14 5.27504091E+14
  5.25474034E+14 5.23478933E+14 5.21389965E+14 5.19624518E+14 5.18107783E+14
  5.16440901E+14 5.14593294E+14 5.12526378E+14 5.10183296E+14 5.07900589E+14
  5.04337846E+14 5.00558138E+14 4.95914726E+14 4.89126815E+14 4.83067085E+14
  4.79268141E+14 4.78158847E+14 4.79036477E+14 4.81554817E+14 4.90458090E+14
  5.02809420E+14 5.17788550E+14 5.34123093E+14 5.58624303E+14 5.84755842E+14
  6.21937047E+14 6.46710883E+14 8.67806393E+14 1.46245677E+15 2.32134032E+15
  3.81046994E+15 1.09201351E+15 1.09201351E+15 1.08989024E+15 1.08868202E+15
  1.08687421E+15 1.08559090E+15 1.08361611E+15 1.08215920E+15 1.08101206E+15
  1.07909118E+15 1.07775223E+15 1.07668723E+15 1.07575680E+15 1.07510383E+15
  1.07442698E+15 1.07377604E+15 1.07346424E+15 1.07288016E+15 1.07239500E+15
  1.07198500E+15 1.07160648E+15 1.07140676E+15 1.07133849E+15 1.07123435E+15
  1.07098272E+15 1.07071784E+15 1.07043808E+15 1.07014159E+15 1.06982628E+15
  1.06948971E+15 1.06912910E+15 1.06874122E+15 1.06832233E+15 1.06786809E+15
  1.06746144E+15 1.06725435E+15 1.06703978E+15 1.06681727E+15 1.06658643E+15
  1.06634675E+15 1.06609745E+15 1.06587555E+15 1.06556713E+15 1.06528452E+15
  1.06498928E+15 1.06468069E+15 1.06435756E+15 1.06401854E+15 1.06366226E+15
  1.06289154E+15 1.06247341E+15 1.06203055E+15 1.06156051E+15 1.06106041E+15
  1.06052687E+15 1.05991362E+15 1.05929771E+15 1.05863451E+15 1.05818041E+15
  1.05753723E+15 1.05672540E+15 1.05629163E+15 1.05583734E+15 1.05514961E+15
  1.05433480E+15 1.05378067E+15 1.05319565E+15 1.05182581E+15 1.05122920E+15
  1.04971087E+15 1.04784676E+15 1.04597664E+15 1.04397786E+15 1.04225442E+15
  1.04074743E+15 1.03908745E+15 1.03726494E+15 1.03523752E+15 1.03295012E+15
  1.03072825E+15 1.02726417E+15 1.02358013E+15 1.01902148E+15 1.01213462E+15
  1.00500305E+15 9.98874691E+14 9.95476393E+14 9.92218916E+14 9.91139075E+14
  9.91510652E+14 9.95694122E+14 1.00264507E+15 1.01117137E+15 1.02521582E+15
  1.04132461E+15 1.06566919E+15 1.08263166E+15 1.25335517E+15 1.77306224E+15
  2.56775966E+15 3.92246658E+15 2.09013493E+15 2.09013493E+15 2.08776255E+15
  2.08628960E+15 2.08370939E+15 2.08217145E+15 2.08019620E+15 2.07919308E+15
  2.07882037E+15 2.07852586E+15 2.07906228E+15 2.07965007E+15 2.08023417E+15
  2.08068808E+15 2.08119245E+15 2.08170708E+15 2.08196439E+15 2.08246027E+15
  2.08288559E+15 2.08325367E+15 2.08359876E+15 2.08378260E+15 2.08384566E+15
  2.08394191E+15 2.08417448E+15 2.08441853E+15 2.08467457E+15 2.08494313E+15
  2.08522484E+15 2.08552047E+15 2.08583093E+15 2.08615732E+15 2.08650106E+15
  2.08686379E+15 2.08718017E+15 2.08733855E+15 2.08750093E+15 2.08766749E+15
  2.08783853E+15 2.08801428E+15 2.08819476E+15 2.08835331E+15 2.08857055E+15
  2.08876621E+15 2.08896752E+15 2.08917500E+15 2.08938883E+15 2.08960920E+15
  2.08983642E+15 2.09031312E+15 2.09056344E+15 2.09082249E+15 2.09109099E+15
  2.09136960E+15 2.09165877E+15 2.09198082E+15 2.09229344E+15 2.09261854E+15
  2.09283446E+15 2.09313111E+15 2.09348978E+15 2.09367409E+15 2.09386171E+15
  2.09413549E+15 2.09444479E+15 2.09464622E+15 2.09485131E+15 2.09530690E+15
  2.09549734E+15 2.09596622E+15 2.09651222E+15 2.09703152E+15 2.09755887E+15
  2.09798599E+15 2.09833606E+15 2.09869872E+15 2.09906878E+15 2.09944071E+15
  2.09980211E+15 2.10009387E+15 2.10040958E+15 2.10046865E+15 2.09950827E+15
  2.09690645E+15 2.09644112E+15 2.09806331E+15 2.09985421E+15 2.10304161E+15
  2.10562351E+15 2.11137724E+15 2.11865846E+15 2.12769348E+15 2.13763217E+15
  2.15291863E+15 2.16973698E+15 2.19455897E+15 2.21164388E+15 2.37906493E+15
  2.88473179E+15 3.66511296E+15 5.00150327E+15 5.00408347E+15 5.00408347E+15
  5.00398560E+15 5.00393094E+15 5.00386394E+15 5.00384462E+15 5.00385277E+15
  5.00388565E+15 5.00392813E+15 5.00402356E+15 5.00411612E+15 5.00420119E+15
  5.00428337E+15 5.00434544E+15 5.00441325E+15 5.00448147E+15 5.00451524E+15
  5.00457981E+15 5.00463459E+15 5.00468153E+15 5.00472514E+15 5.00474819E+15
  5.00475606E+15 5.00476800E+15 5.00479658E+15 5.00482622E+15 5.00485701E+15
  5.00488907E+15 5.00492249E+15 5.00495744E+15 5.00499408E+15 5.00503260E+15
  5.00507327E+15 5.00511604E+15 5.00515287E+15 5.00517123E+15 5.00519010E+15
  5.00520954E+15 5.00522968E+15 5.00525057E+15 5.00527200E+15 5.00529073E+15
  5.00531623E+15 5.00533899E+15 5.00536246E+15 5.00538703E+15 5.00541271E+15
  5.00543950E+15 5.00546754E+15 5.00552806E+15 5.00556087E+15 5.00559569E+15
  5.00563283E+15 5.00567259E+15 5.00571522E+15 5.00576433E+15 5.00581377E+15
  5.00586722E+15 5.00590394E+15 5.00595578E+15 5.00601956E+15 5.00605240E+15
  5.00608570E+15 5.00613394E+15 5.00618807E+15 5.00622324E+15 5.00625902E+15
  5.00634113E+15 5.00637815E+15 5.00647894E+15 5.00661509E+15 5.00676771E+15
  5.00694917E+15 5.00711491E+15 5.00726440E+15 5.00743424E+15 5.00762680E+15
  5.00784848E+15 5.00810634E+15 5.00837144E+15 5.00881891E+15 5.00931710E+15
  5.00996067E+15 5.01099948E+15 5.01207365E+15 5.01318712E+15 5.01416026E+15
  5.01555548E+15 5.01623306E+15 5.01641737E+15 5.01746642E+15 5.01983819E+15
  5.02295377E+15 5.02885540E+15 5.03666693E+15 5.05015817E+15 5.06138078E+15
  5.18056201E+15 5.55344306E+15 6.23187461E+15 7.45268366E+15 1.00068384E+16
  1.00068384E+16 1.00067418E+16 1.00066880E+16 1.00066231E+16 1.00066064E+16
  1.00066183E+16 1.00066546E+16 1.00066997E+16 1.00068002E+16 1.00068969E+16
  1.00069854E+16 1.00070708E+16 1.00071351E+16 1.00072054E+16 1.00072762E+16
  1.00073112E+16 1.00073783E+16 1.00074353E+16 1.00074842E+16 1.00075296E+16
  1.00075537E+16 1.00075619E+16 1.00075744E+16 1.00076043E+16 1.00076353E+16
  1.00076676E+16 1.00077013E+16 1.00077365E+16 1.00077734E+16 1.00078122E+16
  1.00078530E+16 1.00078963E+16 1.00079419E+16 1.00079814E+16 1.00080011E+16
  1.00080214E+16 1.00080423E+16 1.00080640E+16 1.00080866E+16 1.00081097E+16
  1.00081300E+16 1.00081577E+16 1.00081825E+16 1.00082082E+16 1.00082350E+16
  1.00082632E+16 1.00082926E+16 1.00083234E+16 1.00083901E+16 1.00084264E+16
  1.00084649E+16 1.00085060E+16 1.00085502E+16 1.00085976E+16 1.00086524E+16
  1.00087077E+16 1.00087677E+16 1.00088090E+16 1.00088675E+16 1.00089399E+16
  1.00089774E+16 1.00090155E+16 1.00090712E+16 1.00091342E+16 1.00091755E+16
  1.00092179E+16 1.00093161E+16 1.00093604E+16 1.00094806E+16 1.00096423E+16
  1.00098228E+16 1.00100365E+16 1.00102320E+16 1.00104090E+16 1.00106113E+16
  1.00108428E+16 1.00111119E+16 1.00114287E+16 1.00117566E+16 1.00123135E+16
  1.00129468E+16 1.00137913E+16 1.00152215E+16 1.00168574E+16 1.00186778E+16
  1.00202209E+16 1.00224730E+16 1.00238033E+16 1.00252829E+16 1.00272155E+16
  1.00301736E+16 1.00336165E+16 1.00395595E+16 1.00468599E+16 1.00586477E+16
  1.00672810E+16 1.01650545E+16 1.05147209E+16 1.11196040E+16 1.22324781E+16
  2.00123473E+16 2.00123473E+16 2.00122506E+16 2.00121972E+16 2.00121339E+16
  2.00121182E+16 2.00121316E+16 2.00121689E+16 2.00122152E+16 2.00123179E+16
  2.00124165E+16 2.00125067E+16 2.00125936E+16 2.00126593E+16 2.00127312E+16
  2.00128036E+16 2.00128395E+16 2.00129082E+16 2.00129666E+16 2.00130168E+16
  2.00130634E+16 2.00130882E+16 2.00130966E+16 2.00131094E+16 2.00131401E+16
  2.00131720E+16 2.00132053E+16 2.00132399E+16 2.00132762E+16 2.00133142E+16
  2.00133542E+16 2.00133964E+16 2.00134412E+16 2.00134884E+16 2.00135294E+16
  2.00135499E+16 2.00135710E+16 2.00135928E+16 2.00136155E+16 2.00136391E+16
  2.00136634E+16 2.00136848E+16 2.00137139E+16 2.00137401E+16 2.00137672E+16
  2.00137955E+16 2.00138252E+16 2.00138561E+16 2.00138885E+16 2.00139584E+16
  2.00139963E+16 2.00140364E+16 2.00140792E+16 2.00141251E+16 2.00141744E+16
  2.00142316E+16 2.00142895E+16 2.00143525E+16 2.00143961E+16 2.00144580E+16
  2.00145351E+16 2.00145752E+16 2.00146162E+16 2.00146763E+16 2.00147449E+16
  2.00147901E+16 2.00148367E+16 2.00149452E+16 2.00149942E+16 2.00151268E+16
  2.00153047E+16 2.00155027E+16 2.00157367E+16 2.00159509E+16 2.00161452E+16
  2.00163683E+16 2.00166252E+16 2.00169259E+16 2.00172825E+16 2.00176536E+16
  2.00182871E+16 2.00190159E+16 2.00200044E+16 2.00217209E+16 2.00237858E+16
  2.00261893E+16 2.00281690E+16 2.00310099E+16 2.00328538E+16 2.00362661E+16
  2.00406721E+16 2.00461474E+16 2.00519513E+16 2.00608150E+16 2.00706658E+16
  2.00853581E+16 2.00955620E+16 2.01987613E+16 2.05638002E+16 2.12025712E+16
  2.23599284E+16 3.20047049E+16 3.20047049E+16 3.20046082E+16 3.20045553E+16
  3.20044948E+16 3.20044807E+16 3.20044965E+16 3.20045353E+16 3.20045831E+16
  3.20046885E+16 3.20047897E+16 3.20048820E+16 3.20049712E+16 3.20050387E+16
  3.20051128E+16 3.20051877E+16 3.20052248E+16 3.20052961E+16 3.20053567E+16
  3.20054087E+16 3.20054571E+16 3.20054828E+16 3.20054915E+16 3.20055048E+16
  3.20055368E+16 3.20055699E+16 3.20056045E+16 3.20056406E+16 3.20056783E+16
  3.20057179E+16 3.20057596E+16 3.20058036E+16 3.20058505E+16 3.20059000E+16
  3.20059430E+16 3.20059646E+16 3.20059869E+16 3.20060101E+16 3.20060342E+16
  3.20060594E+16 3.20060854E+16 3.20061083E+16 3.20061398E+16 3.20061680E+16
  3.20061972E+16 3.20062278E+16 3.20062597E+16 3.20062928E+16 3.20063274E+16
  3.20064014E+16 3.20064413E+16 3.20064834E+16 3.20065282E+16 3.20065762E+16
  3.20066278E+16 3.20066877E+16 3.20067488E+16 3.20068157E+16 3.20068621E+16
  3.20069286E+16 3.20070120E+16 3.20070558E+16 3.20071009E+16 3.20071676E+16
  3.20072443E+16 3.20072954E+16 3.20073484E+16 3.20074725E+16 3.20075286E+16
  3.20076798E+16 3.20078821E+16 3.20081064E+16 3.20083707E+16 3.20086128E+16
  3.20088332E+16 3.20090878E+16 3.20093833E+16 3.20097325E+16 3.20101511E+16
  3.20105899E+16 3.20113438E+16 3.20122225E+16 3.20134341E+16 3.20155889E+16
  3.20183047E+16 3.20215952E+16 3.20241978E+16 3.20278403E+16 3.20303904E+16
  3.20385414E+16 3.20529517E+16 3.20721101E+16 3.20928892E+16 3.21220925E+16
  3.21513137E+16 3.21909858E+16 3.22165501E+16 3.24330020E+16 3.29749917E+16
  3.37400665E+16 3.50222231E+16 0.00000000E+00 0.00000000E+00 0.00000000E+00
