XENON       LANL SESAME #5190 DATED:         20884
    371     5.40000000E+01 1.31300000E+02 3.05512951E+00    4723
  6.60000000E+01 3.50000000E+01 1.00000000E-06 3.16227770E-06 1.00000000E-05
  3.16227770E-05 1.00000000E-04 1.87381740E-04 3.51119170E-04 6.57933220E-04
  1.23284670E-03 2.31012970E-03 4.32876130E-03 8.11130830E-03 1.51991110E-02
  2.84803590E-02 5.33669920E-02 1.00000000E-01 1.33352140E-01 1.77827940E-01
  2.37137370E-01 3.16227770E-01 4.21696500E-01 5.62341330E-01 7.49894210E-01
  1.00000000E+00 1.29358570E+00 1.58717140E+00 1.88075710E+00 2.17434290E+00
  2.46792860E+00 2.76151430E+00 3.05510000E+00 3.26690000E+00 3.42793330E+00
  3.58896670E+00 3.75000000E+00 3.83238540E+00 3.95059440E+00 4.11295730E+00
  4.32741070E+00 4.60106960E+00 4.94158590E+00 5.35767150E+00 5.85883310E+00
  6.48609730E+00 7.26035890E+00 8.21308410E+00 9.37394610E+00 1.08187940E+01
  1.27154910E+01 1.50629000E+01 1.81054460E+01 2.19147890E+01 2.66479090E+01
  3.23215840E+01 3.98886590E+01 4.92648770E+01 6.10000000E+01 9.49276740E+01
  1.47228160E+02 2.30836880E+02 3.68881510E+02 6.00783320E+02 9.96102700E+02
  1.67946570E+03 2.87659690E+03 5.00000000E+03  .00000000E+00 4.63478389E-06
  9.26956743E-06 1.39043516E-05 1.74653081E-05 2.19382396E-05 2.75567049E-05
  3.46140801E-05 4.34788763E-05 5.46139802E-05 6.86008255E-05 8.61697544E-05
  1.26479905E-04 1.85647109E-04 2.72492693E-04 3.99964567E-04 5.87067704E-04
  8.61697544E-04 1.26479905E-03 1.85647109E-03 2.72492693E-03 3.99964567E-03
  5.87067704E-03 8.61697544E-03 1.83153348E-02 3.89291443E-02 8.27436838E-02
  1.75871254E-01 3.73813391E-01 7.94538328E-01 1.68878690E+00 3.58950737E+00
  7.62947841E+00 1.62164145E+01 3.44679018E+01-2.15759429E-04-2.14586739E-03
-2.13831484E-02-2.13220861E-01-2.12567260E+00-7.45158323E+00-2.61344012E+01
-9.17391312E+01-3.22799439E+02-1.14210111E+03-4.07474748E+03-1.47280951E+04
-5.43388057E+04-2.07193931E+05-8.30533015E+05-3.56550890E+06-7.13204031E+06
-1.43353232E+07-2.83504357E+07-5.15752551E+07-8.44840468E+07-1.29232182E+08
-1.78628851E+08-2.57920794E+08-4.03504348E+08-6.47225953E+08-1.00204747E+09
-1.52071487E+09-2.36507220E+09-3.86676078E+09-3.21361349E+09-2.80941447E+09
-2.23586726E+09-1.38719836E+09-2.21230689E+08 5.12435398E+08 1.74287488E+09
  3.80583391E+09 7.26537813E+09 1.30703753E+10 2.28188079E+10 3.92032817E+10
  6.67597432E+10 1.13137809E+11 1.91220787E+11 3.22725381E+11 5.44236692E+11
  9.17437553E+11 1.54626895E+12 2.60584171E+12 4.39138060E+12 7.40019521E+12
  1.24704977E+13 2.10146598E+13 3.54128294E+13 5.96755900E+13 1.00562707E+14
  2.94532904E+14 8.62642113E+14 2.52654774E+15 7.39994762E+15 2.16732379E+16
  6.34775369E+16 1.85915862E+17 5.44518884E+17 1.59480862E+18 3.40594867E+01
  1.07704105E+02 3.40575840E+02 1.07685159E+03 3.40387409E+03 6.37483686E+03
  1.19334179E+04 2.23197434E+04 4.16794932E+04 7.75999122E+04 1.43658999E+05
  2.63018420E+05 4.70528196E+05 7.99241607E+05 1.18154563E+06 9.50647310E+05
-7.23651315E+04-2.65072545E+06-8.30950558E+06-1.95652777E+07-4.00200580E+07
-7.43087038E+07-1.29429213E+08-2.20971923E+08-3.63571737E+08-5.60021527E+08
-8.09050440E+08-1.15359890E+09-1.54723529E+09-2.04236658E+09-1.90745308E+09
-2.04801424E+09-1.49116009E+09-6.79271252E+08 4.48175417E+08 1.16253026E+09
  2.36578010E+09 4.39247344E+09 7.80619879E+09 1.35564335E+10 2.32428076E+10
  3.95606874E+10 6.70498091E+10 1.13361199E+11 1.91383800E+11 3.22838295E+11
  5.44311827E+11 9.17485902E+11 1.54629895E+12 2.60586052E+12 4.39139223E+12
  7.40020179E+12 1.24704997E+13 2.10146580E+13 3.54128291E+13 5.96755930E+13
  1.00562710E+14 2.94532908E+14 8.62642118E+14 2.52654775E+15 7.39994763E+15
  2.16732380E+16 6.34775369E+16 1.85915862E+17 5.44518884E+17 1.59480862E+18
  6.81191859E+01 2.15410344E+02 6.81172986E+02 2.15391568E+03 6.80986590E+03
  1.27570890E+04 2.38927898E+04 4.47303471E+04 8.36773760E+04 1.56318802E+05
  2.91278178E+05 5.40197989E+05 9.92402839E+05 1.78869896E+06 3.08945801E+06
  4.78993695E+06 5.36504569E+06 5.24223593E+06 3.46261072E+06-1.79319429E+06
-1.36351015E+07-3.70179612E+07-7.96643444E+07-1.54631281E+08-2.69271528E+08
-4.17074832E+08-5.94578796E+08-8.17171415E+08-1.05447862E+09-1.10933568E+09
-8.82003548E+08-1.02811154E+09-4.53394003E+08 3.54216871E+08 1.47441894E+09
  2.18496420E+09 3.38258052E+09 5.40114216E+09 8.80329250E+09 1.45371820E+10
  2.42005990E+10 4.04865861E+10 6.79324697E+10 1.14184502E+11 1.92130181E+11
  3.23491341E+11 5.44860934E+11 9.17926466E+11 1.54663135E+12 2.60610103E+12
  4.39155794E+12 7.40031177E+12 1.24705679E+13 2.10146976E+13 3.54128599E+13
  5.96756241E+13 1.00562735E+14 2.94532929E+14 8.62642140E+14 2.52654777E+15
  7.39994765E+15 2.16732380E+16 6.34775369E+16 1.85915862E+17 5.44518885E+17
  1.59480862E+18 1.02178890E+02 3.23116597E+02 1.02177018E+03 3.23097989E+03
  1.02158570E+04 1.91393355E+04 3.58521185E+04 6.71406497E+04 1.25673508E+05
  2.35028158E+05 4.38846251E+05 8.17132319E+05 1.51312738E+06 2.77245059E+06
  4.96673359E+06 8.45350939E+06 1.04099938E+07 1.22819490E+07 1.34233677E+07
  1.25442527E+07 7.24424269E+06-6.60438493E+06-3.51329352E+07-8.89571415E+07
-1.71329203E+08-2.73010025E+08-3.82835555E+08-4.95403745E+08-5.80812658E+08
-4.40393894E+08 7.39577534E+05 8.58266088E+05 5.97833802E+08 1.40561215E+09
  2.52355510E+09 3.23310785E+09 4.42945973E+09 6.44652652E+09 9.84698658E+09
  1.55789184E+10 2.52397838E+10 4.15218986E+10 6.89613527E+10 1.15201968E+11
  1.93128103E+11 3.24457619E+11 5.45779801E+11 9.18778052E+11 1.54739016E+12
  2.60675004E+12 4.39208359E+12 7.40071515E+12 1.24708596E+13 2.10149017E+13
  3.54130131E+13 5.96757500E+13 1.00562832E+14 2.94532994E+14 8.62642193E+14
  2.52654782E+15 7.39994769E+15 2.16732380E+16 6.34775369E+16 1.85915862E+17
  5.44518885E+17 1.59480862E+18 1.28347341E+02 4.05868517E+02 1.28345482E+03
  4.05850042E+03 1.28327181E+04 2.40428864E+04 4.50405991E+04 8.43586784E+04
  1.57939150E+05 2.95498699E+05 5.52209454E+05 1.02982663E+06 1.91285974E+06
  3.52678499E+06 6.40241243E+06 1.12358207E+07 1.42165845E+07 1.75392717E+07
  2.07824794E+07 2.29640608E+07 2.22306071E+07 1.52559990E+07-3.13737238E+06
-4.03684253E+07-9.78393969E+07-1.64697447E+08-2.24255293E+08-2.62527430E+08
-2.45688363E+08-2.84886494E+06 6.18619018E+08 1.36904935E+09 2.04220107E+09
  2.21651072E+09 3.33374875E+09 4.04310034E+09 5.23934164E+09 7.25656482E+09
  1.06576888E+10 1.63910390E+10 2.60542501E+10 4.23396462E+10 6.97830644E+10
  1.16027910E+11 1.93957308E+11 3.25287115E+11 5.46603820E+11 9.19587016E+11
  1.54816827E+12 2.60747846E+12 4.39273859E+12 7.40127620E+12 1.24713135E+13
  2.10152548E+13 3.54132909E+13 5.96759741E+13 1.00563005E+14 2.94533103E+14
  8.62642273E+14 2.52654788E+15 7.39994775E+15 2.16732381E+16 6.34775370E+16
  1.85915862E+17 5.44518885E+17 1.59480862E+18 1.61217636E+02 5.09813530E+02
  1.61215794E+03 5.09795232E+03 1.61197682E+04 3.02022572E+04 5.65822872E+04
  1.05986296E+05 1.98467914E+05 3.71454183E+05 6.94594929E+05 1.29693587E+06
  2.41469417E+06 4.47320119E+06 8.20156426E+06 1.47088027E+07 1.89528600E+07
  2.40553425E+07 2.98341306E+07 3.57418975E+07 4.04741020E+07 4.17022695E+07
  3.59850352E+07 1.89459162E+07-7.66643765E+06-3.18602191E+07-3.18434905E+07
  1.41315069E+07 1.45645373E+08 5.06288972E+08 1.28973677E+09 2.16050495E+09
  3.09518580E+09 4.39272479E+09 5.34846599E+09 5.34846599E+09 6.25946514E+09
  8.27761136E+09 1.16806368E+10 1.74173477E+10 2.70858427E+10 4.33788008E+10
  7.08321985E+10 1.17089889E+11 1.95034473E+11 3.26380603E+11 5.47712439E+11
  9.20706359E+11 1.54928848E+12 2.60858166E+12 4.39379690E+12 7.40225432E+12
  1.24721756E+13 2.10159869E+13 3.54139085E+13 5.96764903E+13 1.00563413E+14
  2.94533357E+14 8.62642447E+14 2.52654801E+15 7.39994785E+15 2.16732382E+16
  6.34775371E+16 1.85915862E+17 5.44518885E+17 1.59480862E+18 2.02506132E+02
  6.40379237E+02 2.02504313E+03 6.40361177E+03 2.02486454E+04 3.79390698E+04
  7.10798560E+04 1.33152853E+05 2.49376176E+05 4.66860822E+05 8.73436316E+05
  1.63239737E+06 3.04476232E+06 5.66082692E+06 1.04570757E+07 1.90507169E+07
  2.48624574E+07 3.21581328E+07 4.10650180E+07 5.14486132E+07 6.27992009E+07
  7.40689272E+07 8.37129484E+07 9.18475009E+07 1.02793412E+08 1.30030910E+08
  2.00018187E+08 3.41182351E+08 6.00287203E+08 1.09920363E+09 2.03643671E+09
  3.06000843E+09 4.07134111E+09 5.38493363E+09 7.10650367E+09 8.16850204E+09
  9.93202345E+09 1.03161795E+10 1.29692079E+10 1.87114430E+10 2.83884825E+10
  4.46937500E+10 7.21637989E+10 1.18443907E+11 1.96417000E+11 3.27797604E+11
  5.49168530E+11 9.22204653E+11 1.55082956E+12 2.61015541E+12 4.39538147E+12
  7.40380967E+12 1.24736490E+13 2.10173420E+13 3.54151457E+13 5.96775907E+13
  1.00564331E+14 2.94533954E+14 8.62642843E+14 2.52654829E+15 7.39994806E+15
  2.16732383E+16 6.34775372E+16 1.85915862E+17 5.44518885E+17 1.59480862E+18
  2.54368766E+02 8.04383311E+02 2.54366978E+03 8.04365566E+03 2.54349448E+04
  4.76573126E+04 8.92903144E+04 1.67276876E+05 3.13322131E+05 5.86699982E+05
  1.09806864E+06 2.05370792E+06 3.83585989E+06 7.15117578E+06 1.32850748E+07
  2.44836607E+07 3.22519367E+07 4.22681667E+07 5.50171946E+07 7.09461631E+07
  9.04312483E+07 1.13822937E+08 1.42382847E+08 1.80203307E+08 2.38250446E+08
  3.26607683E+08 4.78160850E+08 7.26998118E+08 1.12670289E+09 1.78620574E+09
  2.89109313E+09 4.06678548E+09 5.20206962E+09 6.59773528E+09 8.34974849E+09
  9.41445266E+09 1.11761365E+10 1.40818699E+10 1.75262722E+10 2.03408483E+10
  3.00301930E+10 4.63532102E+10 7.38475275E+10 1.20160947E+11 1.98177686E+11
  3.29613410E+11 5.51050880E+11 9.24165866E+11 1.55288418E+12 2.61230629E+12
  4.39762242E+12 7.40610855E+12 1.24759514E+13 2.10196026E+13 3.54173693E+13
  5.96797148E+13 1.00566236E+14 2.94535322E+14 8.62643764E+14 2.52654891E+15
  7.39994850E+15 2.16732387E+16 6.34775375E+16 1.85915863E+17 5.44518885E+17
  1.59480862E+18 3.19513621E+02 1.01038946E+03 3.19511872E+03 1.01037213E+04
  3.19494772E+04 5.98644391E+04 1.12164550E+05 2.10140199E+05 3.93644788E+05
  7.37228989E+05 1.38021851E+06 2.58284642E+06 4.82927516E+06 9.02158501E+06
  1.68312166E+07 3.12853216E+07 4.14926451E+07 5.48944186E+07 7.23977956E+07
  9.51505674E+07 1.24583035E+08 1.62931318E+08 2.14471525E+08 2.89677398E+08
  4.03287942E+08 5.64867196E+08 8.07938115E+08 1.18256563E+09 1.73876849E+09
  2.58144760E+09 3.87946308E+09 5.20961938E+09 6.48374223E+09 8.01684572E+09
  9.86764262E+09 1.09650599E+10 1.27483023E+10 1.56521854E+10 2.03882155E+10
  2.79580983E+10 3.20966404E+10 4.84438342E+10 7.59713573E+10 1.22330807E+11
  2.00408776E+11 3.31923510E+11 5.53459221E+11 9.26695494E+11 1.55556632E+12
  2.61516070E+12 4.40066548E+12 7.40932689E+12 1.24793057E+13 2.10230641E+13
  3.54209948E+13 5.96834163E+13 1.00569803E+14 2.94538257E+14 8.62645883E+14
  2.52655034E+15 7.39994947E+15 2.16732394E+16 6.34775381E+16 1.85915863E+17
  5.44518886E+17 1.59480862E+18 4.01342317E+02 1.26915456E+03 4.01340620E+03
  1.26913775E+04 4.01324061E+04 7.51978572E+04 1.40896958E+05 2.63980936E+05
  4.94538104E+05 9.26307142E+05 1.73461435E+06 3.24741401E+06 6.07673875E+06
  1.13695218E+07 2.12776311E+07 3.98057804E+07 5.30427470E+07 7.06505668E+07
  9.40890578E+07 1.25258100E+08 1.66920650E+08 2.23492899E+08 3.03136748E+08
  4.24125472E+08 6.04354554E+08 8.52388065E+08 1.20631976E+09 1.71906955E+09
  2.44993015E+09 3.49877189E+09 5.02184619E+09 6.52714834E+09 7.94996122E+09
  9.64432247E+09 1.16440617E+10 1.28008048E+10 1.46456189E+10 1.75903162E+10
  2.23355092E+10 3.00604497E+10 4.25743186E+10 5.10747224E+10 7.86461856E+10
  1.25066843E+11 2.03226915E+11 3.34848854E+11 5.56520015E+11 9.29927143E+11
  1.55901935E+12 2.61887460E+12 4.40468404E+12 7.41366205E+12 1.24839472E+13
  2.10280281E+13 3.54264566E+13 5.96893107E+13 1.00575854E+14 2.94543992E+14
  8.62650536E+14 2.52655364E+15 7.39995167E+15 2.16732408E+16 6.34775392E+16
  1.85915864E+17 5.44518887E+17 1.59480862E+18 5.04127648E+02 1.59419037E+03
  5.04126017E+03 1.59417425E+04 5.04110167E+04 9.44582312E+04 1.76987874E+05
  3.31610561E+05 6.21270694E+05 1.16380848E+06 2.17976385E+06 4.08210603E+06
  7.64329672E+06 1.43169471E+07 2.68538320E+07 5.04822002E+07 6.74917538E+07
  9.03394252E+07 1.21116052E+08 1.62724175E+08 2.19526534E+08 2.98510763E+08
  4.12467274E+08 5.87844931E+08 8.48337328E+08 1.19836821E+09 1.68081209E+09
  2.35251709E+09 3.28108907E+09 4.56673425E+09 6.35245581E+09 8.05382116E+09
  9.63049176E+09 1.14877502E+10 1.36566233E+10 1.48991775E+10 1.68561545E+10
  1.99278014E+10 2.47888094E+10 3.25499601E+10 4.50055417E+10 6.51041392E+10
  8.20116101E+10 1.28511914E+11 2.06779302E+11 3.38542319E+11 5.60393361E+11
  9.34030118E+11 1.56342469E+12 2.62364401E+12 4.40989165E+12 7.41934809E+12
  1.24901389E+13 2.10348149E+13 3.54342098E+13 5.96980471E+13 1.00585282E+14
  2.94554125E+14 8.62659940E+14 2.52656104E+15 7.39995676E+15 2.16732442E+16
  6.34775415E+16 1.85915866E+17 5.44518888E+17 1.59480862E+18 6.33236687E+02
  2.00246908E+03 6.33235148E+03 2.00245388E+04 6.33220254E+04 1.18651284E+05
  2.22321892E+05 4.16560642E+05 7.80460713E+05 1.46213657E+06 2.73891763E+06
  5.13051501E+06 9.61072982E+06 1.80172931E+07 3.38480574E+07 6.38566126E+07
  8.55849273E+07 1.15005334E+08 1.54900756E+08 2.09502585E+08 2.85002553E+08
  3.91515807E+08 5.47581005E+08 7.89625503E+08 1.14762693E+09 1.61850217E+09
  2.25153599E+09 3.10905108E+09 4.25946160E+09 5.80481386E+09 7.87840115E+09
  9.79826357E+09 1.15498771E+10 1.35917675E+10 1.59590215E+10 1.73080985E+10
  1.94205616E+10 2.26903075E+10 2.77520342E+10 3.56237922E+10 4.81189454E+10
  6.81806527E+10 1.00191594E+11 1.32845823E+11 2.11251396E+11 3.43196748E+11
  5.65281482E+11 9.39218540E+11 1.56901187E+12 2.62971615E+12 4.41655496E+12
  7.42667034E+12 1.24981893E+13 2.10437853E+13 3.54447568E+13 5.97103272E+13
  1.00599034E+14 2.94570473E+14 8.62677160E+14 2.52657648E+15 7.39996838E+15
  2.16732520E+16 6.34775467E+16 1.85915870E+17 5.44518891E+17 1.59480862E+18
  9.29464473E+02 2.93922377E+03 9.29463164E+03 2.93921093E+04 9.29450671E+04
  1.74159904E+05 3.26336523E+05 6.11470921E+05 1.14570863E+06 2.14662635E+06
  4.02184557E+06 7.53586888E+06 1.41239927E+07 2.65020205E+07 4.98642752E+07
  9.44203818E+07 1.26960848E+08 1.71204330E+08 2.31840140E+08 3.15777491E+08
  4.33351893E+08 6.01787262E+08 8.50601262E+08 1.23858149E+09 1.79943615E+09
  2.52783282E+09 3.46874835E+09 4.69420030E+09 6.28166031E+09 8.34223225E+09
  1.10013835E+10 1.33821929E+10 1.55012599E+10 1.79206207E+10 2.06752169E+10
  2.22215984E+10 2.46176533E+10 2.82731052E+10 3.38112444E+10 4.22171715E+10
  5.51684465E+10 7.54557877E+10 1.07407131E+11 1.60896744E+11 2.22740214E+11
  3.53902662E+11 5.76537122E+11 9.51183193E+11 1.58192130E+12 2.64377685E+12
  4.43201749E+12 7.44369641E+12 1.25169938E+13 2.10650257E+13 3.54705155E+13
  5.97413186E+13 1.00634923E+14 2.94617467E+14 8.62734043E+14 2.52663753E+15
  7.40002382E+15 2.16732939E+16 6.34775748E+16 1.85915888E+17 5.44518905E+17
  1.59480864E+18 1.36426736E+03 4.31419148E+03 1.36426638E+04 4.31418195E+04
  1.36425725E+05 2.55635343E+05 4.79008857E+05 8.97559054E+05 1.68181492E+06
  3.15130127E+06 5.90484200E+06 1.10659536E+07 2.07463062E+07 3.89436179E+07
  7.33218111E+07 1.39031842E+08 1.87191582E+08 2.52966127E+08 3.43505368E+08
  4.69251717E+08 6.46995161E+08 9.02650413E+08 1.28225715E+09 1.87073130E+09
  2.71529455E+09 3.77361831E+09 5.11833941E+09 6.81785648E+09 8.96992549E+09
  1.16623921E+10 1.50363950E+10 1.79702606E+10 2.05200483E+10 2.33850909E+10
  2.65991137E+10 2.83881260E+10 3.11380448E+10 3.52910085E+10 4.15022816E+10
  5.07725430E+10 6.46747136E+10 8.57211271E+10 1.18219024E+11 1.71891865E+11
  2.60334440E+11 4.06734143E+11 5.93091138E+11 9.68790681E+11 1.60092728E+12
  2.66446895E+12 4.45471765E+12 7.46857153E+12 1.25443763E+13 2.10962447E+13
  3.55096680E+13 5.97898885E+13 1.00692536E+14 2.94698315E+14 8.62842933E+14
  2.52677450E+15 7.40017757E+15 2.16734393E+16 6.34776876E+16 1.85915964E+17
  5.44518955E+17 1.59480867E+18 2.00247092E+03 6.33236852E+03 2.00247032E+04
  6.33236380E+04 2.00246627E+05 3.75225009E+05 7.03101447E+05 1.31747980E+06
  2.46871352E+06 4.62596601E+06 8.66869491E+06 1.62471364E+07 3.04652120E+07
  5.71949598E+07 1.07709833E+08 2.04317724E+08 2.75140455E+08 3.72019661E+08
  5.05543346E+08 6.91923999E+08 9.55601246E+08 1.33533023E+09 1.89877433E+09
  2.76809791E+09 3.99790667E+09 5.50906509E+09 7.37402685E+09 9.67354903E+09
  1.25054206E+10 1.59802420E+10 2.02080857E+10 2.38232245E+10 2.69231122E+10
  3.03614890E+10 3.41679988E+10 3.62671570E+10 3.94715253E+10 4.42609624E+10
  5.13187697E+10 6.16230469E+10 7.67641715E+10 9.92808759E+10 1.33221370E+11
  1.87812848E+11 2.76892683E+11 4.22804815E+11 6.57515599E+11 1.04047438E+12
  1.62859105E+12 2.69435224E+12 4.48714783E+12 7.50386930E+12 1.25836320E+13
  2.11422493E+13 3.55687030E+13 5.98638175E+13 1.00781470E+14 2.94827744E+14
  8.63027584E+14 2.52702967E+15 7.40051036E+15 2.16738280E+16 6.34780689E+16
  1.85916266E+17 5.44519159E+17 1.59480881E+18 2.94220147E+03 9.29997929E+03
  2.94018238E+04 9.29637545E+04 2.93954039E+05 5.50801791E+05 1.03208431E+06
  1.93392248E+06 3.62383846E+06 6.79063560E+06 1.27256689E+07 2.38520735E+07
  4.47294110E+07 8.39719796E+07 1.58112096E+08 2.99726260E+08 4.03551842E+08
  5.45506921E+08 7.41339784E+08 1.01449714E+09 1.40068158E+09 1.95695389E+09
  2.77927389E+09 4.03370478E+09 5.78342512E+09 7.89077968E+09 1.04435659E+10
  1.35160719E+10 1.72196546E+10 2.16658710E+10 2.69851534E+10 3.14409210E+10
  3.52102646E+10 3.93374555E+10 4.38507886E+10 4.63150618E+10 5.00475940E+10
  5.55682525E+10 6.36236314E+10 7.52591799E+10 9.20868576E+10 1.16627003E+11
  1.52756971E+11 2.09594659E+11 3.00335404E+11 4.46428216E+11 6.81446312E+11
  1.06622491E+12 1.72990618E+12 2.80956658E+12 4.56841504E+12 7.55380739E+12
  1.26419690E+13 2.12134115E+13 3.56591423E+13 5.99752408E+13 1.00916462E+14
  2.95028403E+14 8.63322153E+14 2.52745658E+15 7.40111667E+15 2.16746456E+16
  6.34790585E+16 1.85917266E+17 5.44519964E+17 1.59480935E+18 4.63250166E+03
  1.46271249E+04 4.49111286E+04 1.39244275E+05 4.36390540E+05 8.15237760E+05
  1.52424564E+06 2.85156589E+06 5.33705322E+06 9.99230853E+06 1.87137972E+07
  3.50597298E+07 6.57230071E+07 1.23327761E+08 2.32053304E+08 4.39305415E+08
  5.90886259E+08 7.97818369E+08 1.08297084E+09 1.47993479E+09 2.03975260E+09
  2.84451099E+09 4.02456172E+09 5.81280463E+09 8.27014870E+09 1.11797995E+10
  1.46231577E+10 1.86938849E+10 2.34942983E+10 2.91325757E+10 3.57388500E+10
  4.11807573E+10 4.57402385E+10 5.06800690E+10 5.60361093E+10 5.89458588E+10
  6.33242785E+10 6.97537478E+10 7.90543412E+10 9.23314838E+10 1.11226316E+11
  1.38225114E+11 1.77147033E+11 2.37012952E+11 3.30765118E+11 4.79607831E+11
  7.15389588E+11 1.10130562E+12 1.76863513E+12 2.85452077E+12 4.74279294E+12
  7.92961237E+12 1.27301558E+13 2.13213832E+13 3.57952525E+13 6.01430856E+13
  1.01120671E+14 2.95336484E+14 8.63780591E+14 2.52813455E+15 7.40211922E+15
  2.16761088E+16 6.34810937E+16 1.85919801E+17 5.44522581E+17 1.59481147E+18
  1.18884474E+04 3.67021206E+04 9.82658716E+04 2.71453328E+05 7.80888996E+05
  1.40337347E+06 2.53284683E+06 4.73764532E+06 8.59764358E+06 1.56624884E+07
  2.87944286E+07 5.32654128E+07 9.89300930E+07 1.84318378E+08 3.44722763E+08
  6.48926192E+08 8.70603656E+08 1.17173979E+09 1.58417071E+09 2.15731845E+09
  2.96044071E+09 4.10912332E+09 5.78292482E+09 8.28390137E+09 1.16721332E+10
  1.56045148E+10 2.01747909E+10 2.54729521E+10 3.16063963E+10 3.86606358E+10
  4.68529555E+10 5.35074511E+10 5.90250360E+10 6.49885828E+10 7.13741930E+10
  7.48108099E+10 7.99730407E+10 8.74989596E+10 9.82505220E+10 1.13397401E+11
  1.34474644E+11 1.64146482E+11 2.06663161E+11 2.71067662E+11 3.68934089E+11
  5.21322839E+11 7.62816549E+11 1.14962073E+12 1.82328805E+12 2.92200215E+12
  4.83443275E+12 8.02972486E+12 1.33544270E+13 2.18201530E+13 3.60013074E+13
  6.03966107E+13 1.01431834E+14 2.95810921E+14 8.64491067E+14 2.52919088E+15
  7.40370324E+15 2.16785056E+16 6.34846883E+16 1.85924930E+17 5.44529115E+17
  1.59481831E+18 2.01498667E+04 6.37395610E+04 1.83365402E+05 5.68328842E+05
  1.70978624E+06 3.05605359E+06 5.71483701E+06 1.02698424E+07 1.77258259E+07
  3.10287382E+07 5.47259867E+07 9.72503539E+07 1.73834776E+08 3.12274447E+08
  5.67074213E+08 1.04024469E+09 1.38399654E+09 1.83735162E+09 2.44678024E+09
  3.28811523E+09 4.45211709E+09 6.10107909E+09 8.47306112E+09 1.19626118E+10
  1.66236671E+10 2.19495377E+10 2.79981184E+10 3.48994380E+10 4.27168895E+10
  5.16002251E+10 6.17255622E+10 6.98809467E+10 7.65897608E+10 8.37494106E+10
  9.14104879E+10 9.55317943E+10 1.01684219E+11 1.10597599E+11 1.23301333E+11
  1.41028651E+11 1.65007770E+11 1.98186786E+11 2.44407700E+11 3.13142539E+11
  4.17659313E+11 5.79041779E+11 8.25504655E+11 1.22319351E+12 1.90446455E+12
  3.02792650E+12 4.96137205E+12 8.18873184E+12 1.35626485E+13 2.20967213E+13
  3.72511757E+13 6.07838979E+13 1.01911617E+14 2.96550312E+14 8.65601479E+14
  2.53083653E+15 7.40616778E+15 2.16822740E+16 6.34905364E+16 1.85933905E+17
  5.44542186E+17 1.59483523E+18 4.16583147E+04 1.16977256E+05 3.29177093E+05
  1.00387377E+06 3.02011308E+06 5.43628188E+06 1.01706041E+07 1.85475025E+07
  3.31597438E+07 6.01773456E+07 1.07484349E+08 1.90408924E+08 3.42340835E+08
  6.16072470E+08 1.09476859E+09 1.92863715E+09 2.51598906E+09 3.28002812E+09
  4.29550677E+09 5.66780700E+09 7.50471628E+09 1.00664997E+10 1.36611992E+10
  1.87723282E+10 2.55370540E+10 3.30370725E+10 4.13714308E+10 5.06571201E+10
  6.10052169E+10 7.26777303E+10 8.57489975E+10 9.59430327E+10 1.04252235E+11
  1.13192399E+11 1.22528781E+11 1.27530742E+11 1.34974434E+11 1.45610217E+11
  1.60700278E+11 1.81578456E+11 2.08844162E+11 2.46238281E+11 2.98291658E+11
  3.75017250E+11 4.88105004E+11 6.57751336E+11 9.19368495E+11 1.33377581E+12
  2.03538592E+12 3.18199049E+12 5.15215497E+12 8.43821485E+12 1.38780375E+13
  2.25006496E+13 3.77992116E+13 6.31868913E+13 1.02664962E+14 2.97724189E+14
  8.67366514E+14 2.53343046E+15 7.41001042E+15 2.16881244E+16 6.34997047E+16
  1.85948443E+17 5.44564916E+17 1.59486885E+18 7.28645126E+04 2.22265239E+05
  6.87274735E+05 2.12717678E+06 6.13037943E+06 1.07779799E+07 1.93250762E+07
  3.45077203E+07 6.14420432E+07 1.10924425E+08 1.97813509E+08 3.50247086E+08
  6.30193825E+08 1.13257806E+09 2.02104290E+09 3.57472134E+09 4.65722618E+09
  6.05727397E+09 7.90098489E+09 1.03533916E+10 1.35542254E+10 1.79421240E+10
  2.39034786E+10 3.20615305E+10 4.26495663E+10 5.39332168E+10 6.60725550E+10
  7.92437971E+10 9.38751796E+10 1.09845832E+11 1.27318096E+11 1.40905112E+11
  1.51858437E+11 1.63281421E+11 1.75340721E+11 1.81481883E+11 1.91088473E+11
  2.04459232E+11 2.23048085E+11 2.48491367E+11 2.80232826E+11 3.23039736E+11
  3.81602796E+11 4.66724181E+11 5.92085093E+11 7.79622148E+11 1.05943864E+12
  1.49527408E+12 2.23428051E+12 3.41835608E+12 5.43864589E+12 8.80022222E+12
  1.43422343E+13 2.31044250E+13 3.86114929E+13 6.42834627E+13 1.07323860E+14
  2.99631812E+14 8.70235546E+14 2.53760082E+15 7.41608193E+15 2.16972358E+16
  6.35139251E+16 1.85971205E+17 5.44601643E+17 1.59492711E+18 1.44962832E+05
  4.47777354E+05 1.40057508E+06 4.16143059E+06 1.16551398E+07 2.06541950E+07
  3.76173578E+07 6.83920827E+07 1.22452237E+08 2.19698031E+08 3.88518988E+08
  6.80901141E+08 1.20976888E+09 2.15408337E+09 3.81800910E+09 6.75170411E+09
  8.79880226E+09 1.13949457E+10 1.47409822E+10 1.91645411E+10 2.49196596E+10
  3.26473812E+10 4.29833872E+10 5.68932123E+10 7.44384240E+10 9.25446625E+10
  1.11471484E+11 1.31442493E+11 1.53603590E+11 1.76937094E+11 2.01626158E+11
  2.20320780E+11 2.35071161E+11 2.50359944E+11 2.66154032E+11 2.74364142E+11
  2.86603213E+11 3.03791435E+11 3.27446240E+11 3.59270276E+11 3.96880831E+11
  4.46821329E+11 5.15346817E+11 6.13480690E+11 7.55392893E+11 9.62824289E+11
  1.26999700E+12 1.74526782E+12 2.53252858E+12 3.78440475E+12 5.90058268E+12
  9.38064960E+12 1.50739200E+13 2.40646486E+13 3.99099838E+13 6.60044692E+13
  1.09643070E+14 3.02809427E+14 8.75015907E+14 2.54447609E+15 7.42588216E+15
  2.17116252E+16 6.35360820E+16 1.86006527E+17 5.44659126E+17 1.59502112E+18
  2.93351851E+05 8.88893442E+05 2.72353135E+06 8.10436830E+06 2.30574582E+07
  4.10353602E+07 7.42806878E+07 1.34086332E+08 2.37988182E+08 4.21775729E+08
  7.44336167E+08 1.31074660E+09 2.33139945E+09 4.14008848E+09 7.33194209E+09
  1.29078218E+10 1.67420308E+10 2.16701366E+10 2.80437022E+10 3.63768400E+10
  4.72440404E+10 6.16488231E+10 8.06077522E+10 1.05695769E+11 1.36353378E+11
  1.67315175E+11 1.98923309E+11 2.31584503E+11 2.67329587E+11 3.03948613E+11
  3.41718434E+11 3.69763225E+11 3.91499240E+11 4.13768189E+11 4.36517711E+11
  4.48258884E+11 4.65518599E+11 4.89562334E+11 5.22188981E+11 5.65306889E+11
  6.12844556E+11 6.75021494E+11 7.58305952E+11 8.76734979E+11 1.04609835E+12
  1.29180948E+12 1.64920580E+12 2.18541689E+12 3.06335009E+12 4.43455510E+12
  6.71548797E+12 1.04165097E+13 1.64143374E+13 2.57507145E+13 4.21433957E+13
  6.88984222E+13 1.13421176E+14 3.21159431E+14 8.83157903E+14 2.55612006E+15
  7.44213854E+15 2.17348556E+16 6.35711192E+16 1.86061658E+17 5.44748440E+17
  1.59516827E+18 5.52830026E+05 1.68466660E+06 5.14106320E+06 1.53648787E+07
  4.46843758E+07 8.00111144E+07 1.44249504E+08 2.59595266E+08 4.62319000E+08
  8.19796076E+08 1.44616091E+09 2.54166182E+09 4.47861004E+09 7.87980014E+09
  1.38535909E+10 2.42811201E+10 3.14111047E+10 4.06131277E+10 5.25045330E+10
  6.79722480E+10 8.81523724E+10 1.14591386E+11 1.49281599E+11 1.95106420E+11
  2.49417571E+11 3.03992018E+11 3.59222982E+11 4.15433870E+11 4.73356685E+11
  5.32901777E+11 5.94381610E+11 6.39850738E+11 6.75271020E+11 7.11200413E+11
  7.47863986E+11 7.66879142E+11 7.94538783E+11 8.33078414E+11 8.85092768E+11
  9.53486137E+11 1.02564678E+12 1.11772814E+12 1.23841034E+12 1.40517512E+12
  1.63650464E+12 1.95971733E+12 2.41675561E+12 3.08555703E+12 4.14107056E+12
  5.74879804E+12 8.33564319E+12 1.24396185E+13 1.89561758E+13 2.89374607E+13
  4.61799463E+13 7.39601556E+13 1.19735127E+14 3.31576914E+14 8.97211284E+14
  2.57631567E+15 7.46993023E+15 2.17734304E+16 6.36277921E+16 1.86149086E+17
  5.44888189E+17 1.59539710E+18 1.81497729E+06 5.50903699E+06 1.66480617E+07
  5.01888529E+07 1.49686572E+08 2.71318045E+08 4.92483012E+08 8.91059920E+08
  1.60311911E+09 2.87147502E+09 5.11681926E+09 9.07559365E+09 1.60443640E+10
  2.82416125E+10 4.94844030E+10 8.62914876E+10 1.11302525E+11 1.43457028E+11
  1.84918314E+11 2.38377875E+11 3.06822112E+11 3.95660404E+11 5.09725932E+11
  6.55388506E+11 8.23679651E+11 9.89716790E+11 1.15463592E+12 1.31773519E+12
  1.46544186E+12 1.62391670E+12 1.79278457E+12 1.92080566E+12 2.02154925E+12
  2.12522103E+12 2.23155585E+12 2.28708987E+12 2.36801362E+12 2.48149688E+12
  2.63544049E+12 2.83867260E+12 3.02068344E+12 3.24121084E+12 3.52334623E+12
  3.90220563E+12 4.40787288E+12 5.08924977E+12 6.00832372E+12 7.28843914E+12
  9.20511192E+12 1.19391949E+13 1.60731274E+13 2.22292743E+13 3.14339067E+13
  4.47448922E+13 6.66111291E+13 9.93201056E+13 1.50409311E+14 3.78301106E+14
  9.97518977E+14 2.67258752E+15 7.60283613E+15 2.19515389E+16 6.38772728E+16
  1.86517664E+17 5.45456800E+17 1.59630238E+18 6.19934927E+06 1.87807442E+07
  5.66112140E+07 1.70026768E+08 5.07740353E+08 9.19804669E+08 1.66587383E+09
  3.01407200E+09 5.43655801E+09 9.76103126E+09 1.74553141E+10 3.11000639E+10
  5.53067047E+10 9.79776340E+10 1.72640597E+11 3.03174163E+11 3.92105942E+11
  5.06607927E+11 6.54444235E+11 8.44728020E+11 1.08733017E+12 1.39960050E+12
  1.80114582E+12 2.31550775E+12 2.90247800E+12 3.47417390E+12 4.03451036E+12
  4.58458410E+12 5.11285339E+12 5.64686186E+12 6.18694418E+12 6.58042598E+12
  6.88175197E+12 7.18487581E+12 7.49003510E+12 7.64686283E+12 7.87264485E+12
  8.18459623E+12 8.59945699E+12 9.13381142E+12 9.49036375E+12 9.90459530E+12
  1.04491657E+13 1.11992730E+13 1.22281772E+13 1.36459200E+13 1.55919944E+13
  1.83369324E+13 2.24567970E+13 2.83177977E+13 3.70837366E+13 4.97881904E+13
  6.80426498E+13 9.31890551E+13 1.31964035E+14 1.82682041E+14 2.54041708E+14
  5.36626262E+14 1.22672471E+15 3.06002057E+15 8.03832147E+15 2.25347917E+16
  6.46604156E+16 1.87609091E+17 5.47045545E+17 1.59869758E+18 1.80193649E+07
  5.52833841E+07 1.66179547E+08 5.16298271E+08 1.60792050E+09 2.96692000E+09
  5.45156823E+09 9.88614790E+09 1.80623197E+10 3.27185139E+10 5.90226568E+10
  1.06106130E+11 1.91081280E+11 3.42001559E+11 6.01682063E+11 1.06120550E+12
  1.37242460E+12 1.78289311E+12 2.32623060E+12 3.01937613E+12 3.87985480E+12
  4.98998685E+12 6.39642804E+12 8.13691135E+12 1.00856143E+13 1.20299215E+13
  1.39753349E+13 1.59263726E+13 1.78606619E+13 1.97345437E+13 2.15549728E+13
  2.28376678E+13 2.37968825E+13 2.47435643E+13 2.56779153E+13 2.61512679E+13
  2.68251064E+13 2.77413064E+13 2.89352630E+13 3.04328905E+13 3.13553405E+13
  3.24081897E+13 3.37958074E+13 3.57109259E+13 3.83417880E+13 4.19714418E+13
  4.69578155E+13 5.39861486E+13 6.45138336E+13 7.94281748E+13 1.01551930E+14
  1.33156297E+14 1.77645256E+14 2.37387541E+14 3.26062098E+14 4.30265737E+14
  5.62301411E+14 1.02482067E+15 1.97255565E+15 4.13633090E+15 9.68387779E+15
  2.45529860E+16 6.73847986E+16 1.91295555E+17 5.52125853E+17 1.60588453E+18
  5.42640586E+07 1.66268598E+08 5.03873408E+08 1.54695813E+09 4.73427340E+09
  8.66802147E+09 1.58250907E+10 2.87275063E+10 5.27148584E+10 9.63097742E+10
  1.75516055E+11 3.19027439E+11 5.79473699E+11 1.04852919E+12 1.88176455E+12
  3.38491403E+12 4.42344448E+12 5.77324488E+12 7.53113360E+12 9.80346411E+12
  1.27039830E+13 1.63710197E+13 2.12455165E+13 2.78210299E+13 3.52140756E+13
  4.24275831E+13 4.94945997E+13 5.64987101E+13 6.40154549E+13 7.10312848E+13
  7.75912819E+13 8.20627597E+13 8.53243092E+13 8.84721487E+13 9.15116326E+13
  9.30265372E+13 9.51539006E+13 9.79892292E+13 1.01585686E+14 1.05941388E+14
  1.09257715E+14 1.13159705E+14 1.18115694E+14 1.24710177E+14 1.33439502E+14
  1.45050492E+14 1.60451662E+14 1.81454076E+14 2.11914962E+14 2.53790930E+14
  3.14212800E+14 3.98383214E+14 5.14126373E+14 6.66262133E+14 8.87223810E+14
  1.13516444E+15 1.43494176E+15 2.38037416E+15 4.07778922E+15 7.38365334E+15
  1.45253188E+16 3.17770195E+16 7.69172750E+16 2.04559549E+17 5.70210314E+17
  1.63044102E+18 1.29126302E+08 4.03662602E+08 1.25382017E+09 3.93231232E+09
  1.24707476E+10 2.32379439E+10 4.25510134E+10 7.93264849E+10 1.48109826E+11
  2.75740666E+11 5.11593239E+11 9.45340874E+11 1.73832048E+12 3.15724374E+12
  5.73652760E+12 1.04617818E+13 1.37863654E+13 1.80291865E+13 2.34633902E+13
  3.05620969E+13 3.97443753E+13 5.14177795E+13 6.69297094E+13 8.78899627E+13
  1.11837771E+14 1.34725287E+14 1.56720458E+14 1.78065925E+14 2.00222596E+14
  2.21534118E+14 2.42073382E+14 2.56448183E+14 2.67144549E+14 2.77651048E+14
  2.87974689E+14 2.93187701E+14 3.00588720E+14 3.10607265E+14 3.23589286E+14
  3.39760725E+14 3.55848121E+14 3.75059700E+14 3.98473264E+14 4.28232344E+14
  4.65681458E+14 5.12858516E+14 5.71960663E+14 6.47934733E+14 7.51498608E+14
  8.85217540E+14 1.06670432E+15 1.30520650E+15 1.61628947E+15 2.00686607E+15
  2.55167476E+15 3.17988883E+15 3.93487464E+15 6.22825309E+15 9.98225490E+15
  1.65462273E+16 2.88947074E+16 5.41339567E+16 1.11070156E+17 2.52507640E+17
  6.37432711E+17 1.72182391E+18 3.09715345E+08 9.80338202E+08 3.07820915E+09
  9.70419095E+09 3.09261790E+10 5.75693072E+10 1.05827505E+11 1.98200857E+11
  3.68710672E+11 6.84197822E+11 1.26761754E+12 2.34336471E+12 4.30808972E+12
  7.92852382E+12 1.45941332E+13 2.69857703E+13 3.57443790E+13 4.71612400E+13
  6.20328414E+13 8.15595509E+13 1.07174877E+14 1.39992735E+14 1.84116540E+14
  2.44635270E+14 3.13968066E+14 3.81235049E+14 4.46713904E+14 5.10775461E+14
  5.75529071E+14 6.39040351E+14 7.01411357E+14 7.45750322E+14 7.79114298E+14
  8.12191589E+14 8.44993283E+14 8.61671960E+14 8.85485979E+14 9.17974547E+14
  9.60507433E+14 1.01418447E+15 1.07425859E+15 1.14661835E+15 1.23381814E+15
  1.34312111E+15 1.47837255E+15 1.64544684E+15 1.85012168E+15 2.10661683E+15
  2.44629398E+15 2.87114770E+15 3.42845717E+15 4.13545861E+15 5.02591924E+15
  6.10746223E+15 7.56849954E+15 9.27591183E+15 1.13017686E+16 1.72459368E+16
  2.65808068E+16 4.20565038E+16 6.87222476E+16 1.17474570E+17 2.12678821E+17
  4.14408823E+17 8.76478772E+17 2.06682612E+18 6.75445733E+08 2.10897064E+09
  6.59876720E+09 2.07694441E+10 6.60356557E+10 1.23510053E+11 2.29809522E+11
  4.31560017E+11 8.08733173E+11 1.51702359E+12 2.84745378E+12 5.34386431E+12
  1.00265876E+13 1.87377339E+13 3.49171841E+13 6.51785607E+13 8.66339438E+13
  1.14948904E+14 1.52125691E+14 2.01216416E+14 2.66769792E+14 3.51882457E+14
  4.66364860E+14 6.23300633E+14 8.04416794E+14 9.81508106E+14 1.15502203E+15
  1.32545215E+15 1.49534139E+15 1.66404727E+15 1.83167588E+15 1.95198820E+15
  2.04313552E+15 2.13401270E+15 2.22462984E+15 2.27089289E+15 2.33716243E+15
  2.42797627E+15 2.54756608E+15 2.69960242E+15 2.87756893E+15 3.09276531E+15
  3.35133469E+15 3.67418928E+15 4.07180336E+15 4.55999959E+15 5.15367966E+15
  5.89139875E+15 6.85835613E+15 8.05360631E+15 9.60098051E+15 1.15361944E+16
  1.39376705E+16 1.68118456E+16 2.06370660E+16 2.52712106E+16 3.07738251E+16
  4.68956294E+16 7.09814493E+16 1.09663793E+17 1.73906163E+17 2.83768054E+17
  4.79990150E+17 8.48834950E+17 1.58634509E+18 3.18645931E+18 1.49384972E+09
  4.59820985E+09 1.42633668E+10 4.46583001E+10 1.41348624E+11 2.64433444E+11
  4.93682481E+11 9.25846488E+11 1.73502377E+12 3.25531697E+12 6.11538833E+12
  1.14975398E+13 2.16727101E+13 4.08898614E+13 7.70063172E+13 1.44565030E+14
  1.92646349E+14 2.56230410E+14 3.40000274E+14 4.50996402E+14 5.99272317E+14
  7.93264831E+14 1.05349590E+15 1.40760820E+15 1.81587106E+15 2.22131829E+15
  2.62422173E+15 3.02421907E+15 3.41581460E+15 3.80877508E+15 4.20308059E+15
  4.48835798E+15 4.70570085E+15 4.92341634E+15 5.14149487E+15 5.25320226E+15
  5.41364253E+15 5.63431077E+15 5.92629222E+15 6.29970543E+15 6.73576799E+15
  7.26358268E+15 7.89916319E+15 8.69464572E+15 9.67682240E+15 1.08860823E+16
  1.23608640E+16 1.41987360E+16 1.66154620E+16 1.96123959E+16 2.35053299E+16
  2.83905400E+16 3.44730898E+16 4.17765113E+16 5.15284936E+16 6.33265168E+16
  7.77021344E+16 1.19152058E+17 1.81611243E+17 2.80390813E+17 4.41070468E+17
  7.08521800E+17 1.16466279E+18 1.96275198E+18 3.41687973E+18 6.20584377E+18
  3.12412475E+09 9.75991650E+09 3.06006573E+10 9.63033629E+10 3.04804256E+11
  5.70669150E+11 1.06755532E+12 2.00171319E+12 3.75354293E+12 7.04808976E+12
  1.32498611E+13 2.49295584E+13 4.70330943E+13 8.88856174E+13 1.67676378E+14
  3.14740805E+14 4.19559063E+14 5.57991046E+14 7.40534746E+14 9.82646140E+14
  1.30459156E+15 1.72716794E+15 2.29212331E+15 3.05495068E+15 3.93235627E+15
  4.81264661E+15 5.69572179E+15 6.57922920E+15 7.43756543E+15 8.30189857E+15
  9.17204841E+15 9.80328403E+15 1.02851122E+16 1.07685337E+16 1.12535086E+16
  1.15022123E+16 1.18597421E+16 1.23521039E+16 1.30046519E+16 1.38409035E+16
  1.48196058E+16 1.60056108E+16 1.74355190E+16 1.92276377E+16 2.14436987E+16
  2.41767802E+16 2.75162385E+16 3.16864540E+16 3.71826883E+16 4.40162238E+16
  5.29180870E+16 6.41236684E+16 7.81230951E+16 9.49915666E+16 1.17602411E+17
  1.45051904E+17 1.78882782E+17 2.76558419E+17 4.25301243E+17 6.61394750E+17
  1.04631536E+18 1.68618700E+18 2.76636693E+18 4.61453586E+18 7.85374583E+18
  1.36897711E+19 6.59276058E+09 2.07334702E+10 6.53184562E+10 2.06035505E+11
  6.52000506E+11 1.22103056E+12 2.28592388E+12 4.28447228E+12 8.03123487E+12
  1.50654932E+13 2.82705235E+13 5.30570574E+13 9.97079798E+13 1.87552358E+14
  3.52593058E+14 6.61586861E+14 8.81582970E+14 1.17447244E+15 1.56314971E+15
  2.07911403E+15 2.76868953E+15 3.67911726E+15 4.89573453E+15 6.53464225E+15
  8.42789479E+15 1.03310943E+16 1.22435241E+16 1.41594034E+16 1.60199820E+16
  1.78982082E+16 1.97934958E+16 2.11710190E+16 2.22239092E+16 2.32814666E+16
  2.43435774E+16 2.48886834E+16 2.56728201E+16 2.67536277E+16 2.81877226E+16
  3.00281918E+16 3.22361451E+16 3.49192696E+16 3.81511650E+16 4.21965561E+16
  4.71904155E+16 5.33359404E+16 6.08247364E+16 7.01461722E+16 8.23829196E+16
  9.75259319E+16 1.17147875E+17 1.41702364E+17 1.72187003E+17 2.08687329E+17
  2.57288955E+17 3.17077061E+17 3.91938633E+17 6.08451220E+17 9.40417871E+17
  1.46994187E+18 2.33843540E+18 3.79076978E+18 6.25205963E+18 1.04652078E+19
  1.78035081E+19 3.07903422E+19 1.39657415E+10 4.40580464E+10 1.39108778E+11
  4.39275373E+11 1.38994651E+12 2.60339498E+12 4.87571536E+12 9.13696037E+12
  1.71248779E+13 3.21107656E+13 6.02115085E+13 1.12888125E+14 2.11799319E+14
  3.97593211E+14 7.46277714E+14 1.39973969E+15 1.86493119E+15 2.48609842E+15
  3.31267121E+15 4.41059929E+15 5.87981701E+15 7.82570730E+15 1.04238004E+16
  1.39145317E+16 1.79614996E+16 2.20265390E+16 2.61083978E+16 3.01968213E+16
  3.41874414E+16 3.82102287E+16 4.22642358E+16 4.52076579E+16 4.74557818E+16
  4.97125170E+16 5.19776681E+16 5.31397232E+16 5.48107855E+16 5.71130383E+16
  6.01660629E+16 6.40814281E+16 6.88143073E+16 7.45724099E+16 8.15083877E+16
  9.01903577E+16 1.00907954E+17 1.14097183E+17 1.30169141E+17 1.50173919E+17
  1.76434790E+17 2.08933026E+17 2.51045279E+17 3.03748883E+17 3.69191454E+17
  4.47567341E+17 5.51967181E+17 6.80672241E+17 8.42135593E+17 1.30929261E+18
  2.02767740E+18 3.17611343E+18 5.06646487E+18 8.24071347E+18 1.36458412E+19
  2.29477665E+19 3.92214638E+19 6.80640540E+19 7.24710278E+08 7.24709815E+08
  7.24708354E+08 7.24703749E+08 7.24689229E+08 7.24670713E+08 7.24636067E+08
  7.24571190E+08 7.24449515E+08 7.24220383E+08 7.23785801E+08 7.22952732E+08
  7.21328225E+08 7.18072848E+08 7.11270581E+08 6.96141505E+08 6.83458574E+08
  6.64315680E+08 6.35655872E+08 5.94656019E+08 5.40938618E+08 4.77626121E+08
  4.09995120E+08 3.39121327E+08 2.67201624E+08 1.95159828E+08 1.15693990E+08
  2.81695003E+07-6.73796085E+07-1.87122820E+08-3.44652841E+08-4.09294439E+08
-4.45939371E+08-4.70059134E+08-4.80121531E+08-4.79349214E+08-4.70734864E+08
-4.43526618E+08-3.78069275E+08-2.41037152E+08 2.22199784E+07 4.99162717E+08
  1.32603623E+09 2.78033528E+09 5.22447337E+09 9.23163264E+09 1.56073385E+10
  2.57616839E+10 4.24160442E+10 6.70844544E+10 1.04988126E+11 1.60059124E+11
  2.37692721E+11 3.45433910E+11 5.05431467E+11 7.25496012E+11 1.02873105E+12
  2.04646679E+12 3.94930900E+12 7.62262930E+12 1.47014710E+13 2.80567664E+13
  5.27027022E+13 9.72606111E+13 1.76295582E+14 3.13995082E+14 7.75799829E+08
  7.75799365E+08 7.75797905E+08 7.75793302E+08 7.75778791E+08 7.75760299E+08
  7.75725725E+08 7.75661055E+08 7.75539974E+08 7.75312627E+08 7.74883025E+08
  7.74063656E+08 7.72478901E+08 7.69347380E+08 7.62953130E+08 7.49286764E+08
  7.38275472E+08 7.22186974E+08 6.98722626E+08 6.65326620E+08 6.20217868E+08
  5.63723587E+08 4.97921021E+08 4.23130825E+08 3.44301096E+08 2.66228122E+08
  1.83392313E+08 9.54587590E+07 9.60586141E+05-1.15578845E+08-2.30014280E+08
-3.33650162E+08-3.74009346E+08-4.01871813E+08-4.15658550E+08-4.16773408E+08
-4.10835172E+08-3.87225097E+08-3.26349403E+08-1.94827004E+08 6.21676553E+07
  5.32399838E+08 1.35253337E+09 2.80024489E+09 5.23853594E+09 9.24097466E+09
  1.56132417E+10 2.57652483E+10 4.24180856E+10 6.70856239E+10 1.04988790E+11
  1.60059516E+11 2.37692973E+11 3.45434104E+11 5.05431632E+11 7.25496145E+11
  1.02873116E+12 2.04646686E+12 3.94930905E+12 7.62262933E+12 1.47014710E+13
  2.80567664E+13 5.27027022E+13 9.72606111E+13 1.76295582E+14 3.13995082E+14
  8.26889375E+08 8.26888911E+08 8.26887450E+08 8.26882848E+08 8.26868352E+08
  8.26849892E+08 8.26815437E+08 8.26751191E+08 8.26631405E+08 8.26407842E+08
  8.25989230E+08 8.25199032E+08 8.23689084E+08 8.20763764E+08 8.14981369E+08
  8.03246346E+08 7.94243477E+08 7.81569453E+08 7.63736855E+08 7.38795105E+08
  7.04510797E+08 6.58742803E+08 5.99699477E+08 5.25272834E+08 4.42096253E+08
  3.60125395E+08 2.76496869E+08 1.89149644E+08 9.26003581E+07-6.10503281E+06
-1.05653333E+08-2.32994244E+08-2.73849711E+08-3.02324799E+08-3.16831673E+08
-3.18356927E+08-3.13057387E+08-2.90419955E+08-2.30995010E+08-1.01585991E+08
  1.52407215E+08 6.18504248E+08 1.43316328E+09 2.87362148E+09 5.30292375E+09
  9.29500468E+09 1.56563832E+10 2.57977252E+10 4.24406897E+10 6.71005260E+10
  1.04998031E+11 1.60065108E+11 2.37696385E+11 3.45436306E+11 5.05433089E+11
  7.25497125E+11 1.02873184E+12 2.04646722E+12 3.94930927E+12 7.62262947E+12
  1.47014711E+13 2.80567665E+13 5.27027022E+13 9.72606112E+13 1.76295582E+14
  3.13995082E+14 8.77978928E+08 8.77978463E+08 8.77977000E+08 8.77972392E+08
  8.77957889E+08 8.77939432E+08 8.77905001E+08 8.77840901E+08 8.77721763E+08
  8.77500343E+08 8.77088069E+08 8.76315978E+08 8.74849785E+08 8.72028026E+08
  8.66506092E+08 8.55479798E+08 8.47142748E+08 8.35546538E+08 8.19392287E+08
  7.96959879E+08 7.66119834E+08 7.24400951E+08 6.69397254E+08 5.97832263E+08
  5.16230218E+08 4.35196629E+08 3.52526493E+08 2.66684327E+08 1.74740841E+08
  8.45103977E+07 9.70163708E+03-1.31362668E+08-1.72372539E+08-2.01046490E+08
-2.15796949E+08-2.17463316E+08-2.12385615E+08-1.90090210E+08-1.31183660E+08
-2.54655975E+06 2.50315457E+08 7.14783704E+08 1.52715045E+09 2.96430289E+09
  5.38901125E+09 9.37495039E+09 1.57285761E+10 2.58605021E+10 4.24922911E+10
  6.71407196E+10 1.05027234E+11 1.60085162E+11 2.37709620E+11 3.45445007E+11
  5.05438641E+11 7.25500676E+11 1.02873416E+12 2.04646827E+12 3.94930980E+12
  7.62262977E+12 1.47014713E+13 2.80567666E+13 5.27027023E+13 9.72606112E+13
  1.76295582E+14 3.13995082E+14 9.17231603E+08 9.17231137E+08 9.17229672E+08
  9.17225057E+08 9.17210540E+08 9.17192074E+08 9.17157639E+08 9.17093572E+08
  9.16974697E+08 9.16754408E+08 9.16345735E+08 9.15584305E+08 9.14145117E+08
  9.11384608E+08 9.06001936E+08 8.95322129E+08 8.87288239E+08 8.76161711E+08
  8.60739848E+08 8.39373785E+08 8.10023234E+08 7.70190147E+08 7.17102805E+08
  6.47518172E+08 5.67363338E+08 4.87430978E+08 4.06211208E+08 3.22647634E+08
  2.35089565E+08 1.49979616E+08 7.62801912E+07 3.14874239E+07-1.62104415E+07
-1.22925491E+08-1.37768380E+08-1.39490587E+08-1.34502185E+08-1.12346317E+08
-5.36533244E+07 7.46632599E+07 3.27051679E+08 7.90830669E+08 1.60221284E+09
  3.03791487E+09 5.46054425E+09 9.44357952E+09 1.57933177E+10 2.59201382E+10
  4.25452073E+10 6.71858334E+10 1.05063603E+11 1.60112921E+11 2.37729759E+11
  3.45459187E+11 5.05448061E+11 7.25506785E+11 1.02873810E+12 2.04646994E+12
  3.94931058E+12 7.62263016E+12 1.47014715E+13 2.80567667E+13 5.27027024E+13
  9.72606113E+13 1.76295582E+14 3.13995082E+14 9.66537042E+08 9.66536576E+08
  9.66535107E+08 9.66530483E+08 9.66515941E+08 9.66497454E+08 9.66462997E+08
  9.66398926E+08 9.66280217E+08 9.66060922E+08 9.65655855E+08 9.64905482E+08
  9.63495342E+08 9.60801984E+08 9.55564722E+08 9.45215510E+08 9.37460379E+08
  9.26754187E+08 9.11953237E+08 8.91541878E+08 8.63483682E+08 8.25313824E+08
  7.74160457E+08 7.06544306E+08 6.28196036E+08 5.49957149E+08 4.71036859E+08
  3.90895483E+08 3.08875246E+08 2.30046975E+08 1.65334629E+08 1.28723179E+08
  1.10633112E+08 1.07801860E+08 5.50641303E+07-1.56951730E+07-3.63959575E+07
-1.43481350E+07 4.41762000E+07 1.72236983E+08 4.24245080E+08 8.87467662E+08
  1.69805009E+09 3.13256376E+09 5.55346817E+09 9.53405073E+09 1.58804207E+10
  2.60026577E+10 4.26213941E+10 6.72541698E+10 1.05122374E+11 1.60161260E+11
  2.37767717E+11 3.45487941E+11 5.05468452E+11 7.25520640E+11 1.02874724E+12
  2.04647377E+12 3.94931229E+12 7.62263097E+12 1.47014719E+13 2.80567670E+13
  5.27027025E+13 9.72606114E+13 1.76295582E+14 3.13995082E+14 1.02846978E+09
  1.02846931E+09 1.02846784E+09 1.02846320E+09 1.02844862E+09 1.02843010E+09
  1.02839560E+09 1.02833148E+09 1.02821283E+09 1.02799432E+09 1.02759276E+09
  1.02685392E+09 1.02547475E+09 1.02285700E+09 1.01777959E+09 1.00776485E+09
  1.00028129E+09 9.89972007E+08 9.75757325E+08 9.56165631E+08 9.29295551E+08
  8.92708990E+08 8.43449064E+08 7.78022507E+08 7.01883599E+08 6.26011414E+08
  5.50271392E+08 4.74681940E+08 3.99437770E+08 3.28464754E+08 2.72236585E+08
  2.44791064E+08 2.32217271E+08 2.31240164E+08 2.47435305E+08 2.63240764E+08
  2.96093445E+08 1.68844789E+08 1.67411944E+08 2.95271429E+08 5.46976418E+08
  1.00975273E+09 1.81969055E+09 3.25324076E+09 5.67273518E+09 9.65128911E+09
  1.59948261E+10 2.61131187E+10 4.27262173E+10 6.73516809E+10 1.05210418E+11
  1.60238149E+11 2.37832411E+11 3.45540585E+11 5.05508715E+11 7.25549919E+11
  1.02876762E+12 2.04648268E+12 3.94931616E+12 7.62263271E+12 1.47014727E+13
  2.80567674E+13 5.27027028E+13 9.72606115E+13 1.76295583E+14 3.13995082E+14
  1.10626373E+09 1.10626326E+09 1.10626178E+09 1.10625712E+09 1.10624249E+09
  1.10622391E+09 1.10618932E+09 1.10612511E+09 1.10600642E+09 1.10578843E+09
  1.10539006E+09 1.10466318E+09 1.10331671E+09 1.10078439E+09 1.09589042E+09
  1.08623635E+09 1.07903923E+09 1.06913134E+09 1.05548122E+09 1.03670291E+09
  1.01097233E+09 9.75915279E+08 9.28656329E+08 8.65416872E+08 7.92260374E+08
  7.19584561E+08 6.47955320E+08 5.77984343E+08 5.10523094E+08 4.48995705E+08
  4.02383540E+08 3.83351725E+08 3.77984420E+08 3.81914775E+08 3.99607849E+08
  4.15401521E+08 4.47536512E+08 5.11818764E+08 5.39990723E+08 4.50189007E+08
  7.01655875E+08 1.16407677E+09 1.97349806E+09 3.40627267E+09 5.82462575E+09
  9.80152506E+09 1.61427265E+10 2.62577173E+10 4.28659944E+10 6.74850094E+10
  1.05335053E+11 1.60351968E+11 2.37933555E+11 3.45628074E+11 5.05580593E+11
  7.25606169E+11 1.02880958E+12 2.04650292E+12 3.94932510E+12 7.62263659E+12
  1.47014745E+13 2.80567682E+13 5.27027032E+13 9.72606118E+13 1.76295583E+14
  3.13995082E+14 1.20398100E+09 1.20398053E+09 1.20397904E+09 1.20397436E+09
  1.20395966E+09 1.20394100E+09 1.20390629E+09 1.20384191E+09 1.20372307E+09
  1.20350534E+09 1.20310971E+09 1.20239507E+09 1.20108378E+09 1.19864670E+09
  1.19396898E+09 1.18472610E+09 1.17784550E+09 1.16836813E+09 1.15530781E+09
  1.13735955E+09 1.11277709E+09 1.07933630E+09 1.03422196E+09 9.73918853E+08
  9.04197815E+08 8.35649739E+08 7.68913268E+08 7.06010929E+08 6.47409049E+08
  5.96559796E+08 5.60892273E+08 5.50120421E+08 5.52143121E+08 5.63682455E+08
  5.86905233E+08 6.04629173E+08 6.38287533E+08 7.02978863E+08 8.26276883E+08
  1.04162090E+09 8.96357774E+08 1.35849953E+09 2.16750962E+09 3.59966322E+09
  6.01709857E+09 9.99266082E+09 1.63319622E+10 2.64442417E+10 4.30485064E+10
  6.76620568E+10 1.05504544E+11 1.60511741E+11 2.38081394E+11 3.45762192E+11
  5.05697550E+11 7.25704005E+11 1.02888792E+12 2.04654610E+12 3.94934564E+12
  7.62264551E+12 1.47014783E+13 2.80567699E+13 5.27027040E+13 9.72606122E+13
  1.76295583E+14 3.13995083E+14 1.32672404E+09 1.32672356E+09 1.32672207E+09
  1.32671736E+09 1.32670256E+09 1.32668380E+09 1.32664892E+09 1.32658432E+09
  1.32646522E+09 1.32624751E+09 1.32585410E+09 1.32515166E+09 1.32387815E+09
  1.32154867E+09 1.31712547E+09 1.30837797E+09 1.30185174E+09 1.29285420E+09
  1.28047884E+09 1.26343268E+09 1.24007763E+09 1.20835657E+09 1.16566119E+09
  1.10889255E+09 1.04348579E+09 9.80179404E+08 9.19968774E+08 8.64882375E+08
  8.16404956E+08 7.77477151E+08 7.54620097E+08 7.53404588E+08 7.63327930E+08
  7.83722990E+08 8.15637639E+08 8.37051575E+08 8.74812500E+08 9.42606460E+08
  1.06665182E+09 1.29086328E+09 1.68621974E+09 1.60317031E+09 2.41185733E+09
  3.84351679E+09 6.26021813E+09 1.02347072E+10 1.65724775E+10 2.66825614E+10
  4.32835552E+10 6.78926136E+10 1.05728825E+11 1.60727826E+11 2.38287149E+11
  3.45955490E+11 5.05873992E+11 7.25859775E+11 1.02902064E+12 2.04663026E+12
  3.94939067E+12 7.62266615E+12 1.47014870E+13 2.80567736E+13 5.27027057E+13
  9.72606131E+13 1.76295583E+14 3.13995083E+14 1.48090202E+09 1.48090154E+09
  1.48090003E+09 1.48089529E+09 1.48088040E+09 1.48086150E+09 1.48082642E+09
  1.48076151E+09 1.48064206E+09 1.48042423E+09 1.48003258E+09 1.47934208E+09
  1.47810884E+09 1.47589993E+09 1.47177555E+09 1.46364195E+09 1.45752935E+09
  1.44910081E+09 1.43749478E+09 1.42150274E+09 1.39958979E+09 1.36981366E+09
  1.32989093E+09 1.27709641E+09 1.21715289E+09 1.16033616E+09 1.10803449E+09
  1.06227885E+09 1.02543045E+09 1.00036438E+09 9.92733230E+08 1.00259962E+09
  1.02122247E+09 1.05079059E+09 1.09231321E+09 1.11861675E+09 1.16280549E+09
  1.23774260E+09 1.36692250E+09 1.59272878E+09 1.98491998E+09 2.65037837E+09
  2.71929742E+09 4.15056856E+09 6.56668665E+09 1.05403197E+10 1.68768667E+10
  2.69851946E+10 4.35835726E+10 6.81890471E+10 1.06020281E+11 1.61012825E+11
  2.38563971E+11 3.46222055E+11 5.06125490E+11 7.26090931E+11 1.02922748E+12
  2.04677879E+12 3.94948158E+12 7.62271243E+12 1.47015072E+13 2.80567820E+13
  5.27027093E+13 9.72606147E+13 1.76295584E+14 3.13995083E+14 1.67456556E+09
  1.67456508E+09 1.67456356E+09 1.67455878E+09 1.67454377E+09 1.67452474E+09
  1.67448941E+09 1.67442414E+09 1.67430425E+09 1.67408620E+09 1.67369604E+09
  1.67301711E+09 1.67182637E+09 1.66975144E+09 1.66597245E+09 1.65859731E+09
  1.65300044E+09 1.64531602E+09 1.63461583E+09 1.61989583E+09 1.59967181E+09
  1.57217667E+09 1.53555319E+09 1.48762619E+09 1.43445400E+09 1.38546431E+09
  1.34263348E+09 1.30817375E+09 1.28448009E+09 1.27490829E+09 1.28441037E+09
  1.30703752E+09 1.33540028E+09 1.37495445E+09 1.42703791E+09 1.45884809E+09
  1.51112325E+09 1.59643293E+09 1.73636640E+09 1.96971712E+09 2.36347557E+09
  3.02382882E+09 4.10704330E+09 4.53684975E+09 6.95251049E+09 1.09254671E+10
  1.72610472E+10 2.73679929E+10 4.39643321E+10 6.85670654E+10 1.06394614E+11
  1.61382586E+11 2.38928098E+11 3.46578796E+11 5.06469929E+11 7.26416648E+11
  1.02952956E+12 2.04701835E+12 3.94964800E+12 7.62280907E+12 1.47015533E+13
  2.80568012E+13 5.27027171E+13 9.72606181E+13 1.76295586E+14 3.13995084E+14
  2.11890721E+09 2.11890671E+09 2.11890517E+09 2.11890032E+09 2.11888511E+09
  2.11886583E+09 2.11883008E+09 2.11876414E+09 2.11864347E+09 2.11842516E+09
  2.11803785E+09 2.11737871E+09 2.11626536E+09 2.11444914E+09 2.11135687E+09
  2.10566506E+09 2.10137078E+09 2.09528100E+09 2.08674673E+09 2.07487539E+09
  2.05841871E+09 2.03614509E+09 2.00652196E+09 1.96917844E+09 1.92919305E+09
  1.89804692E+09 1.87521405E+09 1.86396182E+09 1.86661163E+09 1.88780137E+09
  1.93124137E+09 1.97978426E+09 2.02840570E+09 2.08824773E+09 2.16116246E+09
  2.20368108E+09 2.27145249E+09 2.37827231E+09 2.54562972E+09 2.80773655E+09
  3.22251728E+09 3.88974707E+09 4.96313800E+09 6.75733080E+09 7.91793449E+09
  1.18114761E+10 1.81459099E+10 2.82512528E+10 4.48453403E+10 6.94453223E+10
  1.07269794E+11 1.62255020E+11 2.39798125E+11 3.47444595E+11 5.07323036E+11
  7.27243286E+11 1.03032086E+12 2.04770767E+12 3.95019765E+12 7.62319144E+12
  1.47017734E+13 2.80569045E+13 5.27027593E+13 9.72606350E+13 1.76295593E+14
  3.13995088E+14 2.77111148E+09 2.77111098E+09 2.77110942E+09 2.77110451E+09
  2.77108911E+09 2.77106962E+09 2.77103352E+09 2.77096702E+09 2.77084574E+09
  2.77062770E+09 2.77024477E+09 2.76960731E+09 2.76858086E+09 2.76705674E+09
  2.76481136E+09 2.76131945E+09 2.75883261E+09 2.75524612E+09 2.74998808E+09
  2.74220088E+09 2.73143659E+09 2.71655445E+09 2.69739558E+09 2.67452751E+09
  2.65465116E+09 2.64417183E+09 2.64776958E+09 2.66614583E+09 2.70360661E+09
  2.76167229E+09 2.84687351E+09 2.92748833E+09 3.00096833E+09 3.08613858E+09
  3.18432040E+09 3.23996976E+09 3.32664362E+09 3.45910094E+09 3.66050756E+09
  3.96502239E+09 4.42727534E+09 5.13523393E+09 6.22833146E+09 8.02284607E+09
  1.09438319E+10 1.56143487E+10 1.94480346E+10 2.95526679E+10 4.61461026E+10
  7.07461455E+10 1.08572737E+11 1.63563987E+11 2.41117492E+11 3.48774236E+11
  5.08652773E+11 7.28552434E+11 1.03160040E+12 2.04889680E+12 3.95125023E+12
  7.62404921E+12 1.47023840E+13 2.80572629E+13 5.27029283E+13 9.72607029E+13
  1.76295619E+14 3.13995098E+14 3.72842831E+09 3.72842290E+09 3.72841854E+09
  3.72841201E+09 3.72839565E+09 3.72837579E+09 3.72833940E+09 3.72827278E+09
  3.72815185E+09 3.72793601E+09 3.72756175E+09 3.72695172E+09 3.72603667E+09
  3.72483582E+09 3.72364056E+09 3.72302321E+09 3.72289848E+09 3.72275780E+09
  3.72212686E+09 3.72089963E+09 3.71847489E+09 3.71443737E+09 3.71010841E+09
  3.70840001E+09 3.71529464E+09 3.73523434E+09 3.77112219E+09 3.82677136E+09
  3.90545567E+09 4.01084741E+09 4.14520227E+09 4.26419446E+09 4.36763078E+09
  4.48383888E+09 4.61363587E+09 4.68534746E+09 4.79531019E+09 4.96064882E+09
  5.20489900E+09 5.56389796E+09 6.09102532E+09 6.87049766E+09 8.03200132E+09
  9.87332011E+09 1.27956955E+10 1.74597509E+10 2.46767007E+10 3.57489559E+10
  4.81046350E+10 7.27360257E+10 1.10608793E+11 1.65649447E+11 2.43229455E+11
  3.50869731E+11 5.10703432E+11 7.30576990E+11 1.03359763E+12 2.05080941E+12
  3.95303670E+12 7.62564693E+12 1.47037056E+13 2.80582210E+13 5.27034989E+13
  9.72609723E+13 1.76295726E+14 3.13995139E+14 5.27122328E+09 5.21248590E+09
  5.17914187E+09 5.16017857E+09 5.14935745E+09 5.14554647E+09 5.14271376E+09
  5.14058419E+09 5.13894332E+09 5.13761346E+09 5.13643694E+09 5.13527882E+09
  5.13411505E+09 5.13301862E+09 5.13291621E+09 5.13566836E+09 5.13882458E+09
  5.14349710E+09 5.14994877E+09 5.15828774E+09 5.16865018E+09 5.18192569E+09
  5.20080163E+09 5.22972756E+09 5.27558622E+09 5.33685840E+09 5.42011603E+09
  5.52564270E+09 5.65909612E+09 5.82385932E+09 6.02417365E+09 6.19268996E+09
  6.33551639E+09 6.49140568E+09 6.66218106E+09 6.75515184E+09 6.89573807E+09
  7.10268256E+09 7.40325279E+09 7.83298788E+09 8.44777759E+09 9.32954159E+09
  1.06011258E+10 1.25524423E+10 1.55752366E+10 2.02902418E+10 2.75132437E+10
  3.86180534E+10 5.63005132E+10 8.22945081E+10 1.15786718E+11 1.68860111E+11
  2.46435789E+11 3.54047791E+11 5.13847616E+11 7.33693722E+11 1.03667746E+12
  2.05379530E+12 3.95589050E+12 7.62831904E+12 1.47061127E+13 2.80602358E+13
  5.27049795E+13 9.72618623E+13 1.76296145E+14 3.13995301E+14 1.94149312E+10
  1.53394946E+10 1.12411980E+10 9.37901241E+09 8.44372877E+09 8.12871360E+09
  7.89953165E+09 7.73177402E+09 7.60845580E+09 7.51753791E+09 7.45039495E+09
  7.40091320E+09 7.36482668E+09 7.33918369E+09 7.32361844E+09 7.32045824E+09
  7.32498399E+09 7.33456151E+09 7.35086739E+09 7.37449954E+09 7.40716780E+09
  7.45228336E+09 7.51275233E+09 7.60029707E+09 7.71616437E+09 7.85077655E+09
  8.00832542E+09 8.19459610E+09 8.41280768E+09 8.66726470E+09 8.96129900E+09
  9.20002631E+09 9.39780851E+09 9.60897283E+09 9.83541597E+09 9.95791216E+09
  1.01409351E+10 1.04058206E+10 1.07847980E+10 1.13133332E+10 1.20511590E+10
  1.30842907E+10 1.45336918E+10 1.66843212E+10 1.99056665E+10 2.47912088E+10
  3.21165837E+10 4.33037032E+10 6.10742766E+10 8.72212490E+10 1.26450594E+11
  1.83483253E+11 2.51442118E+11 3.58988292E+11 5.18726989E+11 7.38527288E+11
  1.04145510E+12 2.05842469E+12 3.96034039E+12 7.63255958E+12 1.47100915E+13
  2.80638425E+13 5.27080246E+13 9.72641196E+13 1.76297507E+14 3.13995938E+14
  8.14430834E+10 6.84781299E+10 5.70873679E+10 4.70340453E+10 3.72826032E+10
  3.24524827E+10 2.83210446E+10 2.42445101E+10 2.06385221E+10 1.79538167E+10
  1.61003214E+10 1.47782171E+10 1.38259679E+10 1.31381111E+10 1.26465735E+10
  1.23101260E+10 1.22022582E+10 1.21220803E+10 1.20723294E+10 1.20537001E+10
  1.20688959E+10 1.21249371E+10 1.22252017E+10 1.23865231E+10 1.26026119E+10
  1.28429919E+10 1.31145261E+10 1.34204140E+10 1.37640416E+10 1.41403215E+10
  1.45677553E+10 1.49005166E+10 1.51695188E+10 1.54562377E+10 1.57538478E+10
  1.59118680E+10 1.61463327E+10 1.64820698E+10 1.69510017E+10 1.75940017E+10
  1.84779646E+10 1.96826963E+10 2.13449837E+10 2.37523906E+10 2.72495742E+10
  3.23676261E+10 3.98888545E+10 5.11704572E+10 6.89552703E+10 9.49948851E+10
  1.34324057E+11 1.91633890E+11 2.72577382E+11 3.81991714E+11 5.26431765E+11
  7.46141260E+11 1.04896460E+12 2.06565157E+12 3.96725630E+12 7.63916055E+12
  1.47163732E+13 2.80697514E+13 5.27134050E+13 9.72686869E+13 1.76300908E+14
  3.13997988E+14 1.40142954E+11 1.24032286E+11 1.13860846E+11 1.05399591E+11
  9.69192873E+10 9.29821749E+10 8.65261715E+10 7.90560362E+10 7.17079825E+10
  6.47494036E+10 5.75372651E+10 5.06506586E+10 4.44589620E+10 3.91537668E+10
  3.47680347E+10 3.12407594E+10 2.98973269E+10 2.87129710E+10 2.77143093E+10
  2.68705832E+10 2.61807464E+10 2.56447074E+10 2.52499141E+10 2.50187438E+10
  2.49587047E+10 2.50337357E+10 2.51977236E+10 2.54417182E+10 2.57523797E+10
  2.61143169E+10 2.65370716E+10 2.68780147E+10 2.71588099E+10 2.74532256E+10
  2.77675627E+10 2.79361087E+10 2.81860193E+10 2.85432798E+10 2.90507796E+10
  2.97444926E+10 3.06961285E+10 3.19983188E+10 3.37673044E+10 3.63087695E+10
  3.99634902E+10 4.52649363E+10 5.29127937E+10 6.41845896E+10 8.18841622E+10
  1.07688967E+11 1.47019955E+11 2.04213953E+11 2.85272039E+11 3.94849432E+11
  5.57901343E+11 7.58409743E+11 1.06100167E+12 2.07711561E+12 3.97810749E+12
  7.64943136E+12 1.47261368E+13 2.80790468E+13 5.27221647E+13 9.72766816E+13
  1.76307711E+14 3.14003056E+14 2.96145484E+11 2.75886787E+11 2.50634670E+11
  2.15936805E+11 1.79423985E+11 1.61455984E+11 1.47356030E+11 1.36671335E+11
  1.28358941E+11 1.21421147E+11 1.15133991E+11 1.08671638E+11 1.01544353E+11
  9.35248993E+10 8.48287300E+10 7.60831111E+10 7.25057820E+10 6.91452201E+10
  6.59425850E+10 6.28798583E+10 6.00562140E+10 5.75196465E+10 5.52386553E+10
  5.32794084E+10 5.18053590E+10 5.08379378E+10 5.02139987E+10 4.98433462E+10
  4.96486215E+10 4.96082859E+10 4.96965997E+10 4.98064344E+10 4.99326989E+10
  5.01104987E+10 5.02996958E+10 5.04115543E+10 5.05871922E+10 5.08414389E+10
  5.12422280E+10 5.18177939E+10 5.26570003E+10 5.38600415E+10 5.55639537E+10
  5.80629033E+10 6.16974553E+10 6.69562434E+10 7.45359897E+10 8.57410119E+10
  1.03228075E+11 1.28941939E+11 1.68150823E+11 2.25004070E+11 3.05932796E+11
  4.15437233E+11 5.78556501E+11 8.02846581E+11 1.08081972E+12 2.09571490E+12
  3.99544384E+12 7.66559645E+12 1.47413390E+13 2.80934851E+13 5.27359144E+13
  9.72896418E+13 1.76319546E+14 3.14013130E+14 6.30606952E+11 5.66730954E+11
  4.92088335E+11 4.21809742E+11 3.71607159E+11 3.49410335E+11 3.27909748E+11
  3.04948883E+11 2.79876256E+11 2.53497842E+11 2.27849906E+11 2.04299307E+11
  1.84181629E+11 1.67505943E+11 1.53544509E+11 1.41295871E+11 1.35932508E+11
  1.30729544E+11 1.25585459E+11 1.20558093E+11 1.15672703E+11 1.10935005E+11
  1.06401243E+11 1.02179905E+11 9.86952988E+10 9.61661027E+10 9.42929833E+10
  9.29018895E+10 9.18308632E+10 9.10120291E+10 9.04285567E+10 9.01364081E+10
  8.99888637E+10 8.98855109E+10 8.98485670E+10 8.98062356E+10 8.98588256E+10
  8.99144721E+10 9.00562133E+10 9.03720268E+10 9.09337446E+10 9.18680109E+10
  9.33181079E+10 9.55956998E+10 9.90611215E+10 1.04229026E+11 1.11767621E+11
  1.22923945E+11 1.40325169E+11 1.65876882E+11 2.04683761E+11 2.61212600E+11
  3.41689079E+11 4.50569524E+11 6.13068879E+11 8.36888006E+11 1.14600640E+12
  2.12669672E+12 4.02381469E+12 7.69154549E+12 1.47653177E+13 2.81159915E+13
  5.27572747E+13 9.73099575E+13 1.76338676E+14 3.14030586E+14 1.24886105E+12
  1.11306336E+12 9.86920478E+11 8.68264211E+11 7.63830421E+11 7.08874980E+11
  6.54553467E+11 6.01807395E+11 5.52319268E+11 5.07658683E+11 4.68546647E+11
  4.31977841E+11 3.96607830E+11 3.61805587E+11 3.27696156E+11 2.95021251E+11
  2.80973366E+11 2.67506682E+11 2.54693618E+11 2.42529842E+11 2.31014172E+11
  2.20167297E+11 2.10006457E+11 2.00551130E+11 1.92747198E+11 1.87015214E+11
  1.82615772E+11 1.79134449E+11 1.76297786E+11 1.73966433E+11 1.72076282E+11
  1.70941697E+11 1.70199358E+11 1.69557795E+11 1.69000237E+11 1.68732112E+11
  1.68420490E+11 1.68037725E+11 1.67648620E+11 1.67329699E+11 1.67195349E+11
  1.67385880E+11 1.68155989E+11 1.69713207E+11 1.72501136E+11 1.76992215E+11
  1.83806847E+11 1.94193814E+11 2.10810573E+11 2.35325276E+11 2.72993390E+11
  3.27983235E+11 4.06693722E+11 5.13592785E+11 6.73773684E+11 8.95332901E+11
  1.20250005E+12 2.17965311E+12 4.07153113E+12 7.73429866E+12 1.48039516E+13
  2.81515804E+13 5.27906293E+13 9.73415359E+13 1.76368639E+14 3.14058755E+14
  2.39647113E+12 2.14600749E+12 1.91724352E+12 1.70162816E+12 1.49170483E+12
  1.38208510E+12 1.27902994E+12 1.18252262E+12 1.09192566E+12 1.00662663E+12
  9.26410132E+11 8.50166575E+11 7.79273030E+11 7.14306301E+11 6.55124758E+11
  6.00973655E+11 5.77344460E+11 5.54391283E+11 5.31806783E+11 5.09729215E+11
  4.88139928E+11 4.67026232E+11 4.46551272E+11 4.26740652E+11 4.09693538E+11
  3.96700270E+11 3.86345634E+11 3.77842398E+11 3.70730914E+11 3.64685420E+11
  3.59506072E+11 3.56213032E+11 3.53917131E+11 3.51801495E+11 3.49841114E+11
  3.48878322E+11 3.47591612E+11 3.45915226E+11 3.43891222E+11 3.41600058E+11
  3.39181978E+11 3.36854821E+11 3.34792352E+11 3.33186017E+11 3.32501781E+11
  3.33223588E+11 3.36139119E+11 3.42285701E+11 3.54007308E+11 3.73381781E+11
  4.05254078E+11 4.54362969E+11 5.26881540E+11 6.27902314E+11 7.81953590E+11
  9.97846069E+11 1.30029038E+12 2.32977091E+12 4.15390511E+12 7.80683189E+12
  1.48679283E+13 2.82091232E+13 5.28435232E+13 9.73909326E+13 1.76415236E+14
  3.14102858E+14 4.18145353E+12 3.81780938E+12 3.46446894E+12 3.12714972E+12
  2.78443265E+12 2.59657062E+12 2.41409548E+12 2.23836554E+12 2.06948636E+12
  1.90752495E+12 1.75346944E+12 1.60750825E+12 1.47086256E+12 1.34358211E+12
  1.22601932E+12 1.11907394E+12 1.07406157E+12 1.03130872E+12 9.90692530E+11
  9.52211917E+11 9.15510700E+11 8.80383034E+11 8.46922592E+11 8.14798764E+11
  7.87301967E+11 7.66366349E+11 7.49540554E+11 7.35541643E+11 7.24006331E+11
  7.14363356E+11 7.06010800E+11 7.00536175E+11 6.96648900E+11 6.92918160E+11
  6.89355094E+11 6.87586943E+11 6.85115505E+11 6.81808827E+11 6.77601796E+11
  6.72475048E+11 6.66506667E+11 6.59903062E+11 6.52857253E+11 6.45295117E+11
  6.37722781E+11 6.30556648E+11 6.24667106E+11 6.20950873E+11 6.21441351E+11
  6.29006760E+11 6.48177113E+11 6.84123132E+11 7.43829433E+11 8.32695423E+11
  9.74547428E+11 1.17922051E+12 1.47225126E+12 2.48744380E+12 4.29919079E+12
  7.93355265E+12 1.49772996E+13 2.83048835E+13 5.29293866E+13 9.74694908E+13
  1.76488231E+14 3.14171464E+14 1.36184014E+13 1.23746010E+13 1.11978821E+13
  1.00878717E+13 9.04291394E+12 8.49463013E+12 7.96250084E+12 7.44643513E+12
  6.94488562E+12 6.45634695E+12 5.98091815E+12 5.51784524E+12 5.06891251E+12
  4.63788647E+12 4.23019043E+12 3.85150192E+12 3.68888083E+12 3.53242724E+12
  3.38111418E+12 3.23543759E+12 3.09418010E+12 2.95608826E+12 2.82187882E+12
  2.69284624E+12 2.58214326E+12 2.49735728E+12 2.42940216E+12 2.37323284E+12
  2.32583532E+12 2.28505423E+12 2.24934009E+12 2.22609801E+12 2.20962957E+12
  2.19409170E+12 2.17936071E+12 2.17212801E+12 2.16207665E+12 2.14884622E+12
  2.13230138E+12 2.11261232E+12 2.09055698E+12 2.06766831E+12 2.04471628E+12
  2.02134202E+12 1.99832642E+12 1.97637440E+12 1.95615112E+12 1.93779512E+12
  1.92162747E+12 1.90992840E+12 1.90462912E+12 1.90956468E+12 1.93029390E+12
  1.97273372E+12 2.05422532E+12 2.19076425E+12 2.41535533E+12 3.30052907E+12
  5.12412043E+12 8.55872013E+12 1.55059370E+13 2.87497333E+13 5.33100317E+13
  9.78026847E+13 1.76786104E+14 3.14443065E+14 4.77231897E+13 4.33934976E+13
  3.92351730E+13 3.52834838E+13 3.14847610E+13 2.94840075E+13 2.75487697E+13
  2.56748205E+13 2.38599482E+13 2.21091917E+13 2.04386580E+13 1.88569834E+13
  1.73551871E+13 1.59288100E+13 1.45795257E+13 1.33123093E+13 1.27583904E+13
  1.22197458E+13 1.16915794E+13 1.11764726E+13 1.06711715E+13 1.01722227E+13
  9.68280118E+12 9.20497042E+12 8.78668135E+12 8.46201980E+12 8.20020767E+12
  7.98314415E+12 7.79644706E+12 7.63250873E+12 7.48799578E+12 7.39417915E+12
  7.32804608E+12 7.26599609E+12 7.20775492E+12 7.17932132E+12 7.14002906E+12
  7.08885959E+12 7.02580785E+12 6.95217360E+12 6.87120372E+12 6.78757962E+12
  6.70408557E+12 6.61919713E+12 6.53590214E+12 6.45567800E+12 6.37982167E+12
  6.30674584E+12 6.23260003E+12 6.16074677E+12 6.08620886E+12 6.01025471E+12
  5.93448611E+12 5.86321900E+12 5.79732555E+12 5.76465911E+12 5.80606332E+12
  6.27272349E+12 7.65853093E+12 1.08803624E+13 1.73125911E+13 3.02318827E+13
  5.45172768E+13 9.87972559E+13 1.77622122E+14 3.15162729E+14 1.16817644E+14
  1.09971752E+14 1.03922021E+14 9.77496939E+13 9.10129183E+13 8.70606262E+13
  8.29671438E+13 7.91263099E+13 7.53648035E+13 7.13266958E+13 6.70669402E+13
  6.26600946E+13 5.81898216E+13 5.37771797E+13 4.95025309E+13 4.53618686E+13
  4.34267187E+13 4.14824602E+13 3.95134588E+13 3.75087325E+13 3.55503297E+13
  3.36977991E+13 3.19251219E+13 3.02542678E+13 2.88685270E+13 2.78222900E+13
  2.69698832E+13 2.62421280E+13 2.55979347E+13 2.50231449E+13 2.45115474E+13
  2.41776459E+13 2.39417041E+13 2.37201984E+13 2.35120624E+13 2.34104383E+13
  2.32700739E+13 2.30873189E+13 2.28624630E+13 2.26003690E+13 2.23103997E+13
  2.20032075E+13 2.16873090E+13 2.13549684E+13 2.10157456E+13 2.06746840E+13
  2.03374459E+13 1.99977663E+13 1.96385245E+13 1.92786523E+13 1.88965140E+13
  1.84987337E+13 1.80820448E+13 1.76565266E+13 1.71762651E+13 1.66991677E+13
  1.62971943E+13 1.58728423E+13 1.62880522E+13 1.83763951E+13 2.39066793E+13
  3.55022291E+13 5.87741101E+13 1.02178615E+14 1.80307271E+14 3.17327504E+14
  3.83439200E+14 3.57212194E+14 3.28656251E+14 2.99571012E+14 2.71451777E+14
  2.56697498E+14 2.42334596E+14 2.28365899E+14 2.14930880E+14 2.02122049E+14
  1.89740318E+14 1.77702128E+14 1.66210259E+14 1.55169451E+14 1.44427359E+14
  1.33908776E+14 1.29235589E+14 1.24644695E+14 1.20116049E+14 1.15689272E+14
  1.11276526E+14 1.06805583E+14 1.02330629E+14 9.78620034E+13 9.38373110E+13
  9.06580733E+13 8.80861754E+13 8.59627333E+13 8.41729266E+13 8.26242178E+13
  8.12565433E+13 8.03589345E+13 7.97181758E+13 7.91090309E+13 7.85283041E+13
  7.82413211E+13 7.78405939E+13 7.73098683E+13 7.66405365E+13 7.58329840E+13
  7.48907487E+13 7.38191565E+13 7.26306344E+13 7.12782881E+13 6.97826691E+13
  6.81572030E+13 6.64323010E+13 6.45910762E+13 6.25632825E+13 6.05038348E+13
  5.83619171E+13 5.62625183E+13 5.42633216E+13 5.24570691E+13 5.06940105E+13
  4.91320970E+13 4.76080721E+13 4.49080270E+13 4.32192165E+13 4.30852245E+13
  4.58120907E+13 5.44920997E+13 7.41755610E+13 1.14506596E+14 1.89935600E+14
  3.24755904E+14 6.48980875E+14 6.09559988E+14 5.82708099E+14 5.68755712E+14
  5.63250451E+14 5.61838981E+14 5.58808814E+14 5.54171196E+14 5.47555607E+14
  5.38170226E+14 5.25122865E+14 5.08083862E+14 4.87425095E+14 4.63853968E+14
  4.38399285E+14 4.12010215E+14 3.99237834E+14 3.86117324E+14 3.72548161E+14
  3.58616079E+14 3.44457453E+14 3.30142384E+14 3.15732254E+14 3.01467470E+14
  2.88640278E+14 2.78560242E+14 2.70599502E+14 2.64253364E+14 2.59109025E+14
  2.54785480E+14 2.51033725E+14 2.48591267E+14 2.46852473E+14 2.45200469E+14
  2.43623671E+14 2.42842890E+14 2.41750424E+14 2.40298652E+14 2.38457859E+14
  2.36218332E+14 2.33593191E+14 2.30624533E+14 2.27348232E+14 2.23636001E+14
  2.19542802E+14 2.15100510E+14 2.10382971E+14 2.05330110E+14 1.99724387E+14
  1.93958507E+14 1.87843734E+14 1.81674874E+14 1.75562187E+14 1.69746246E+14
  1.63669646E+14 1.57846662E+14 1.52276380E+14 1.41978893E+14 1.33103684E+14
  1.25931687E+14 1.21522821E+14 1.22112345E+14 1.32453455E+14 1.61630525E+14
  2.26893807E+14 3.52878560E+14 1.33691825E+15 1.33929188E+15 1.33757649E+15
  1.32948405E+15 1.31375316E+15 1.29871166E+15 1.27474889E+15 1.24425733E+15
  1.20836012E+15 1.16713583E+15 1.12098540E+15 1.07102105E+15 1.01809366E+15
  9.66097643E+14 9.18322039E+14 8.75925473E+14 8.58213478E+14 8.41251547E+14
  8.24455345E+14 8.07948515E+14 7.91382379E+14 7.74285572E+14 7.56828279E+14
  7.39646567E+14 7.24866650E+14 7.13263501E+14 7.03493441E+14 6.94921502E+14
  6.87470101E+14 6.80937808E+14 6.75013732E+14 6.71009331E+14 6.68081664E+14
  6.65237787E+14 6.62465595E+14 6.61071885E+14 6.59098534E+14 6.56433778E+14
  6.52985473E+14 6.48686952E+14 6.43470392E+14 6.37291193E+14 6.30156501E+14
  6.21709343E+14 6.11994567E+14 6.01036381E+14 5.88995294E+14 5.75711908E+14
  5.60606865E+14 5.44774940E+14 5.27778905E+14 5.10550309E+14 4.93529624E+14
  4.77507166E+14 4.61081349E+14 4.45615891E+14 4.30317597E+14 4.01151880E+14
  3.75299036E+14 3.52344981E+14 3.32442682E+14 3.17582108E+14 3.11931921E+14
  3.22339682E+14 3.61934020E+14 4.61735667E+14 1.94811990E+15 1.89520700E+15
  1.87292976E+15 1.86316289E+15 1.86164370E+15 1.86257074E+15 1.86121927E+15
  1.85962688E+15 1.85837619E+15 1.85696860E+15 1.85540850E+15 1.85441296E+15
  1.85362726E+15 1.85164196E+15 1.84681410E+15 1.83775026E+15 1.83238909E+15
  1.82578022E+15 1.81676131E+15 1.80570664E+15 1.79208216E+15 1.77521807E+15
  1.75555496E+15 1.73350667E+15 1.71204941E+15 1.69376285E+15 1.67764185E+15
  1.66313103E+15 1.65018481E+15 1.63853456E+15 1.62778118E+15 1.62043845E+15
  1.61504288E+15 1.60978561E+15 1.60464993E+15 1.60206505E+15 1.59840278E+15
  1.59345477E+15 1.58705116E+15 1.57907335E+15 1.56938025E+15 1.55784026E+15
  1.54444424E+15 1.52849452E+15 1.51005086E+15 1.48912328E+15 1.46598671E+15
  1.44031135E+15 1.41091909E+15 1.37989321E+15 1.34632544E+15 1.31200585E+15
  1.27777247E+15 1.24520243E+15 1.21139890E+15 1.17912879E+15 1.14669902E+15
  1.07909755E+15 1.01292890E+15 9.48071625E+14 8.85860094E+14 8.29371757E+14
  7.82925462E+14 7.54316296E+14 7.55874693E+14 8.09467767E+14 3.79421982E+15
  3.81908781E+15 3.80402004E+15 3.76623857E+15 3.72340401E+15 3.69951902E+15
  3.67229730E+15 3.64359863E+15 3.61345095E+15 3.58036944E+15 3.54289683E+15
  3.49940187E+15 3.44718482E+15 3.38404849E+15 3.31048873E+15 3.23070064E+15
  3.19530155E+15 3.16072720E+15 3.12851665E+15 3.09792343E+15 3.06962358E+15
  3.04421421E+15 3.02088546E+15 3.00049712E+15 2.98545672E+15 2.97478232E+15
  2.96587977E+15 2.95774977E+15 2.95024914E+15 2.94341513E+15 2.93713377E+15
  2.93289579E+15 2.92981894E+15 2.92685608E+15 2.92399828E+15 2.92257425E+15
  2.92057345E+15 2.91790246E+15 2.91450170E+15 2.91035364E+15 2.90560683E+15
  2.90056650E+15 2.89532519E+15 2.88967266E+15 2.88363696E+15 2.87711097E+15
  2.86995443E+15 2.86171649E+15 2.85147097E+15 2.83919207E+15 2.82358154E+15
  2.80435685E+15 2.78095945E+15 2.75373482E+15 2.71896953E+15 2.67908403E+15
  2.63691246E+15 2.54400282E+15 2.44572209E+15 2.34087441E+15 2.22999216E+15
  2.11642678E+15 2.00552174E+15 1.90613558E+15 1.83121785E+15 1.80077387E+15
  6.26189079E+15 6.28783485E+15 6.27311662E+15 6.23523483E+15 6.19254690E+15
  6.16919448E+15 6.14327774E+15 6.11732624E+15 6.09259118E+15 6.06958166E+15
  6.04995473E+15 6.03791717E+15 6.03793824E+15 6.05247739E+15 6.08052329E+15
  6.11702149E+15 6.13403175E+15 6.14995573E+15 6.16165195E+15 6.16946761E+15
  6.17283743E+15 6.17055999E+15 6.16300194E+15 6.15181749E+15 6.13938372E+15
  6.12741901E+15 6.11582772E+15 6.10457799E+15 6.09401728E+15 6.08413080E+15
  6.07465415E+15 6.06798454E+15 6.06298129E+15 6.05802420E+15 6.05310507E+15
  6.05060103E+15 6.04702133E+15 6.04212718E+15 6.03569800E+15 6.02754421E+15
  6.01721686E+15 6.00404962E+15 5.98783684E+15 5.96753958E+15 5.94305687E+15
  5.91433104E+15 5.88176871E+15 5.84500869E+15 5.80255285E+15 5.75773845E+15
  5.70973688E+15 5.66170956E+15 5.61545832E+15 5.57357393E+15 5.53309156E+15
  5.49712514E+15 5.45932507E+15 5.37285138E+15 5.27592052E+15 5.16512024E+15
  5.03768805E+15 4.89321245E+15 4.73340003E+15 4.56440328E+15 4.39773271E+15
  4.25279264E+15 1.15100916E+16 1.15360340E+16 1.15213149E+16 1.14834257E+16
  1.14407234E+16 1.14173342E+16 1.13913810E+16 1.13653668E+16 1.13405073E+16
  1.13172478E+16 1.12971720E+16 1.12844237E+16 1.12833933E+16 1.12965954E+16
  1.13232713E+16 1.13587607E+16 1.13755861E+16 1.13914958E+16 1.14036989E+16
  1.14121067E+16 1.14165855E+16 1.14161533E+16 1.14106772E+16 1.14028166E+16
  1.13941059E+16 1.13855139E+16 1.13774901E+16 1.13701010E+16 1.13630449E+16
  1.13562048E+16 1.13496547E+16 1.13451218E+16 1.13417835E+16 1.13385368E+16
  1.13353792E+16 1.13337972E+16 1.13315660E+16 1.13285731E+16 1.13247420E+16
  1.13200433E+16 1.13142485E+16 1.13069024E+16 1.12978845E+16 1.12866046E+16
  1.12729816E+16 1.12569398E+16 1.12386443E+16 1.12178070E+16 1.11934401E+16
  1.11672605E+16 1.11385543E+16 1.11089142E+16 1.10791818E+16 1.10508029E+16
  1.10212966E+16 1.09926445E+16 1.09620509E+16 1.08914740E+16 1.08113639E+16
  1.07179188E+16 1.06072211E+16 1.04758100E+16 1.03203283E+16 1.01395507E+16
  9.93520876E+15 9.71570274E+15 2.20632724E+16 2.20892113E+16 2.20744944E+16
  2.20366057E+16 2.19939016E+16 2.19704853E+16 2.19445389E+16 2.19185456E+16
  2.18937075E+16 2.18704429E+16 2.18503139E+16 2.18375406E+16 2.18365099E+16
  2.18497031E+16 2.18763246E+16 2.19116386E+16 2.19283763E+16 2.19440718E+16
  2.19562343E+16 2.19643418E+16 2.19684765E+16 2.19677870E+16 2.19616756E+16
  2.19531873E+16 2.19437413E+16 2.19342915E+16 2.19255054E+16 2.19174952E+16
  2.19093326E+16 2.19009711E+16 2.18929548E+16 2.18875370E+16 2.18836578E+16
  2.18799972E+16 2.18765593E+16 2.18748866E+16 2.18725879E+16 2.18696225E+16
  2.18660376E+16 2.18619890E+16 2.18574297E+16 2.18519828E+16 2.18456268E+16
  2.18380069E+16 2.18291177E+16 2.18189221E+16 2.18074972E+16 2.17945975E+16
  2.17794949E+16 2.17630772E+16 2.17446310E+16 2.17248372E+16 2.17039000E+16
  2.16824896E+16 2.16582112E+16 2.16321970E+16 2.16043088E+16 2.15401680E+16
  2.14681309E+16 2.13852250E+16 2.12887003E+16 2.11762178E+16 2.10453508E+16
  2.08948092E+16 2.07233433E+16 2.05309386E+16