GOLD        LANL SESAME # 2700 DATED: 81678 101582
    51     7.90000000E+01 1.96967000E+02 1.93000000E+01    4772
 1.01000000E+02 2.30000000E+01 0.00000000E+00 1.50781250E-01 2.87685800E-01
 4.24600000E-01 8.15425000E-01 1.20625000E+00 1.99433269E+00 2.78242310E+00
 3.57050000E+00 5.21100000E+00 6.75500000E+00 8.20250000E+00 9.65000000E+00
 1.07821226E+01 1.20625000E+01 1.34027769E+01 1.40875911E+01 1.54400000E+01
 1.66379317E+01 1.77064222E+01 1.87378643E+01 1.93000000E+01 1.94949493E+01
 1.97948713E+01 2.05319190E+01 2.13259596E+01 2.21839025E+01 2.31137765E+01
 2.41250000E+01 2.52287477E+01 2.64383559E+01 2.77697857E+01 2.92424336E+01
 3.08800000E+01 3.23825436E+01 3.31615109E+01 3.39788659E+01 3.48375422E+01
 3.57407436E+01 3.66920213E+01 3.76953125E+01 3.86000000E+01 3.98760388E+01
 4.10638380E+01 4.23245526E+01 4.36651499E+01 4.50934657E+01 4.66183587E+01
 4.82500000E+01 5.18817196E+01 5.39106128E+01 5.61046561E+01 5.84848479E+01
 6.10759501E+01 6.39072794E+01 6.72473953E+01 7.06959772E+01 7.45173772E+01
 7.72000000E+01 8.10924433E+01 8.61607198E+01 8.89400935E+01 9.19047665E+01
 9.65000000E+01 1.02116397E+02 1.06043966E+02 1.10285720E+02 1.20625000E+02
 1.25324666E+02 1.37857140E+02 1.54400000E+02 1.72321420E+02 1.93000000E+02
 2.12087893E+02 2.29761868E+02 2.50649293E+02 2.75714203E+02 3.06349286E+02
 3.44642802E+02 3.86000000E+02 4.59523736E+02 5.51428599E+02 6.89285797E+02
 9.65000000E+02 1.37857140E+03 1.93000000E+03 2.41250000E+03 3.21666731E+03
 3.86000000E+03 5.30750000E+03 6.70675000E+03 8.15425000E+03 9.65000000E+03
 1.18019500E+04 1.40407500E+04 1.71963000E+04 1.93000000E+04 3.86000000E+04
 9.65000000E+04 1.93000000E+05 3.86000000E+05 0.00000000E+00 2.49996769E-05
 4.99993537E-05 9.99987075E-05 1.99997415E-04 4.99993537E-04 6.99990952E-04
 9.99987075E-04 1.99997415E-03 4.99993537E-03 9.99987075E-03 1.99997415E-02
 4.99993537E-02 9.99987075E-02 1.99997415E-01 2.99996122E-01 4.99993537E-01
 9.99987075E-01 1.99997415E+00 4.99993537E+00 9.99987075E+00 1.99997415E+01
 3.19995864E+01 0.00000000E+00 -1.12498146E+11 -1.12498146E+11 -1.12498146E+11
 -1.12498146E+11 -1.12498146E+11 -1.12498146E+11 -1.12498146E+11 -1.12498146E+11
 -1.12498146E+11 -1.12498146E+11 -1.12498146E+11 -1.12498146E+11 -1.12498146E+11
 -1.12498146E+11 -1.12498146E+11 -1.12498146E+11 -1.12498146E+11 -1.12498146E+11
 -1.12498146E+11 -4.54896631E+10 0.00000000E+00 1.73116764E+10 4.54572964E+10
 1.22650954E+11 2.19138071E+11 3.39750781E+11 4.90685227E+11 6.79950866E+11
 9.17999488E+11 1.21859645E+12 1.60003488E+12 2.08575052E+12 2.70333165E+12
 3.34953894E+12 3.71567565E+12 4.12335468E+12 4.57811740E+12 5.08636235E+12
 5.65552609E+12 6.29427480E+12 6.90479872E+12 7.82287324E+12 8.73874441E+12
 9.77689102E+12 1.09572203E+13 1.23033550E+13 1.38437046E+13 1.56126474E+13
 2.00127437E+13 2.27578099E+13 2.59651781E+13 2.97322799E+13 3.41819780E+13
 3.94704929E+13 4.62968317E+13 5.40299882E+13 6.34343495E+13 7.05731104E+13
 8.17368369E+13 9.77359201E+13 1.07227727E+14 1.17923514E+14 1.35686799E+14
 1.59392118E+14 1.77299597E+14 1.97890525E+14 2.53644318E+14 2.81649753E+14
 3.64686366E+14 4.93436008E+14 6.58332423E+14 8.82534064E+14 1.12268583E+15
 1.37414109E+15 1.70810784E+15 2.16247261E+15 2.79873689E+15 3.72164107E+15
 4.88046898E+15 7.36412537E+15 1.12450041E+16 1.87114008E+16 3.96483811E+16
 8.61391088E+16 1.76062417E+17 2.80492220E+17 5.06646552E+17 7.33282819E+17
 1.38662465E+18 2.19991245E+18 3.22166308E+18 4.46337095E+18 6.56924342E+18
 9.14539875E+18 1.34164187E+19 1.66649082E+19 6.01634716E+19 3.15246176E+20
 1.07738076E+21 3.59663836E+21 0.00000000E+00 -1.00428395E+11 -1.00428395E+11
 -1.00428395E+11 -1.00428395E+11 -1.00428395E+11 -1.00428395E+11 -1.00428395E+11
 -1.00428395E+11 -1.00428395E+11 -1.00428395E+11 -1.00428395E+11 -1.00428395E+11
 -1.00428395E+11 -1.00428395E+11 -1.00428395E+11 -1.00428395E+11 -1.00428395E+11
 -1.00428395E+11 -1.00428395E+11 -3.29431559E+10 1.26852815E+10 2.99706845E+10
 5.80744744E+10 1.35165655E+11 2.31532240E+11 3.52011982E+11 5.02793299E+11
 6.91884928E+11 9.29739618E+11 1.23011683E+12 1.61130730E+12 2.09674362E+12
 2.71401007E+12 3.35992761E+12 3.72591664E+12 4.13343826E+12 4.58803724E+12
 5.09611158E+12 5.66509531E+12 6.30365627E+12 6.91401435E+12 7.83185619E+12
 8.74751412E+12 9.78543826E+12 1.09655358E+13 1.23114294E+13 1.38515283E+13
 1.56202105E+13 2.00197547E+13 2.27645317E+13 2.59715988E+13 2.97383930E+13
 3.41877736E+13 3.94759627E+13 4.63019449E+13 5.40347618E+13 6.34387790E+13
 7.05773168E+13 8.17407457E+13 9.77394813E+13 1.07231114E+14 1.17926730E+14
 1.35689772E+14 1.59394826E+14 1.77302140E+14 1.97892907E+14 2.53646364E+14
 2.81651670E+14 3.64687994E+14 4.93437351E+14 6.58333540E+14 8.82534991E+14
 1.12268663E+15 1.37414180E+15 1.70810846E+15 2.16247315E+15 2.79873735E+15
 3.72164146E+15 4.88046931E+15 7.36412563E+15 1.12450043E+16 1.87114009E+16
 3.96483812E+16 8.61391089E+16 1.76062417E+17 2.80492220E+17 5.06646552E+17
 7.33282819E+17 1.38662465E+18 2.19991245E+18 3.22166308E+18 4.46337095E+18
 6.56924342E+18 9.14539875E+18 1.34164187E+19 1.66649082E+19 6.01634716E+19
 3.15246176E+20 1.07738076E+21 3.59663836E+21 0.00000000E+00 -8.60361380E+10
 -8.60361380E+10 -8.60361380E+10 -8.60361380E+10 -8.60361380E+10 -8.60361380E+10
 -8.60361380E+10 -8.60361380E+10 -8.60361380E+10 -8.60361380E+10 -8.60361380E+10
 -8.60361380E+10 -8.60361380E+10 -8.60361380E+10 -8.60361380E+10 -8.60361380E+10
 -8.60361380E+10 -8.60361380E+10 -8.60361380E+10 -1.76511719E+10 2.83564272E+10
 4.56836399E+10 7.38516301E+10 1.51099566E+11 2.47634437E+11 3.68285740E+11
 5.19250810E+11 7.08541391E+11 9.46598874E+11 1.24719434E+12 1.62861298E+12
 2.11429004E+12 2.73180571E+12 3.37794175E+12 3.74403346E+12 4.15165986E+12
 4.60636975E+12 5.11455111E+12 5.68364068E+12 6.32231413E+12 6.93276224E+12
 7.85072510E+12 8.76648912E+12 9.80451254E+12 1.09847120E+13 1.23306962E+13
 1.38708863E+13 1.56396482E+13 2.00393288E+13 2.27841510E+13 2.59912500E+13
 2.97580590E+13 3.42074311E+13 3.94955842E+13 4.63214912E+13 5.40541983E+13
 6.34580582E+13 7.05964727E+13 8.17596924E+13 9.77581296E+13 1.07249583E+14
 1.17944998E+14 1.35707715E+14 1.59412352E+14 1.77319368E+14 1.97909806E+14
 2.53662451E+14 2.81667389E+14 3.64702744E+14 4.93450889E+14 6.58345877E+14
 8.82546085E+14 1.12269672E+15 1.37415106E+15 1.70811687E+15 2.16248068E+15
 2.79874400E+15 3.72164721E+15 4.88047431E+15 7.36412966E+15 1.12450075E+16
 1.87114034E+16 3.96483829E+16 8.61391100E+16 1.76062418E+17 2.80492220E+17
 5.06646553E+17 7.33282820E+17 1.38662465E+18 2.19991245E+18 3.22166308E+18
 4.46337095E+18 6.56924342E+18 9.14539875E+18 1.34164187E+19 1.66649082E+19
 6.01634716E+19 3.15246176E+20 1.07738076E+21 3.59663836E+21 0.00000000E+00
 -5.71439311E+10 -5.71439311E+10 -5.71439311E+10 -5.71439311E+10 -5.71439311E+10
 -5.71439311E+10 -5.71439311E+10 -5.71439311E+10 -5.71439311E+10 -5.71439311E+10
 -5.71439311E+10 -5.71439311E+10 -5.71439311E+10 -5.71439311E+10 -5.71439311E+10
 -5.71439311E+10 -5.71439311E+10 -5.71439311E+10 -5.71439311E+10 1.30857032E+10
 5.98921270E+10 7.73135211E+10 1.05626379E+11 1.83223155E+11 2.80132457E+11
 4.01187707E+11 5.52588498E+11 7.42353615E+11 9.80928154E+11 1.28207936E+12
 1.66410229E+12 2.15044332E+12 2.76869725E+12 3.41549154E+12 3.78192159E+12
 4.18990053E+12 4.64498035E+12 5.15355144E+12 5.72304891E+12 6.36213893E+12
 6.97296141E+12 7.89144636E+12 8.80769863E+12 9.84623464E+12 1.10269613E+13
 1.23735006E+13 1.39142831E+13 1.56836685E+13 2.00846824E+13 2.28302378E+13
 2.60380981E+13 2.98057192E+13 3.42559467E+13 3.95450028E+13 4.63719419E+13
 5.41056680E+13 6.35106029E+13 7.06497438E+13 8.18139643E+13 9.78136325E+13
 1.07305713E+14 1.18001790E+14 1.35765453E+14 1.59471161E+14 1.77378886E+14
 1.97970016E+14 2.53724176E+14 2.81729698E+14 3.64766392E+14 4.93515788E+14
 6.58411572E+14 8.82612138E+14 1.12276265E+15 1.37421658E+15 1.70818161E+15
 2.16254416E+15 2.79880562E+15 3.72170624E+15 4.88053035E+15 7.36418040E+15
 1.12450521E+16 1.87114405E+16 3.96484096E+16 8.61391284E+16 1.76062431E+17
 2.80492231E+17 5.06646560E+17 7.33282826E+17 1.38662466E+18 2.19991245E+18
 3.22166308E+18 4.46337095E+18 6.56924343E+18 9.14539875E+18 1.34164187E+19
 1.66649082E+19 6.01634716E+19 3.15246176E+20 1.07738076E+21 3.59663836E+21
 0.00000000E+00 4.44284325E+05 4.44284325E+05 4.44284325E+05 4.44284325E+05
 4.44284325E+05 4.44284325E+05 4.44284325E+05 4.44284325E+05 4.44284325E+05
 4.44284325E+05 4.44284325E+05 4.44284325E+05 4.44284325E+05 4.44284325E+05
 4.44284325E+05 4.44284325E+05 4.44284325E+05 4.44284325E+05 6.79700470E+08
 7.46160170E+10 1.23053849E+11 1.40665915E+11 1.69272104E+11 2.47589684E+11
 3.45275449E+11 4.67169562E+11 6.19477414E+11 8.10230003E+11 1.04988308E+12
 1.35221611E+12 1.73553971E+12 2.22331044E+12 2.84314146E+12 3.49138170E+12
 3.85856097E+12 4.26732576E+12 4.72322423E+12 5.23266282E+12 5.80307359E+12
 6.44312645E+12 7.05481679E+12 7.97452136E+12 8.89189425E+12 9.93161861E+12
 1.11136077E+13 1.24614909E+13 1.40036953E+13 1.57746124E+13 2.01790145E+13
 2.29264347E+13 2.61363079E+13 2.99060916E+13 3.43586862E+13 3.96503044E+13
 4.64802227E+13 5.42169909E+13 6.36253091E+13 7.07667846E+13 8.19343587E+13
 9.79383411E+13 1.07432785E+14 1.18131330E+14 1.35898775E+14 1.59609085E+14
 1.77519953E+14 1.98114436E+14 2.53876619E+14 2.81885686E+14 3.64931608E+14
 4.93692591E+14 6.58600190E+14 8.82813428E+14 1.12297480E+15 1.37443810E+15
 1.70841333E+15 2.16278701E+15 2.79906053E+15 3.72197388E+15 4.88080924E+15
 7.36447380E+15 1.12453558E+16 1.87117479E+16 3.96487016E+16 8.61393790E+16
 1.76062630E+17 2.80492395E+17 5.06646685E+17 7.33282930E+17 1.38662473E+18
 2.19991251E+18 3.22166313E+18 4.46337099E+18 6.56924346E+18 9.14539878E+18
 1.34164187E+19 1.66649082E+19 6.01634716E+19 3.15246176E+20 1.07738076E+21
 3.59663836E+21 0.00000000E+00 4.01973249E+08 8.23088891E+08 1.29684767E+09
 2.92163789E+09 4.87987068E+09 9.29074484E+09 9.57592092E+09 9.57592092E+09
 9.57592092E+09 9.57592092E+09 9.57592092E+09 9.57592092E+09 9.57592092E+09
 9.57592092E+09 9.57592092E+09 9.57592092E+09 4.86962156E+10 1.05172268E+11
 1.74000268E+11 2.59048221E+11 3.12604884E+11 3.30794932E+11 3.60290420E+11
 4.40793901E+11 5.40835339E+11 6.65275543E+11 8.20343895E+11 1.01408867E+12
 1.25700754E+12 1.56292036E+12 1.95018518E+12 2.44231622E+12 3.06699708E+12
 3.71968837E+12 4.08917562E+12 4.50036241E+12 4.95880169E+12 5.47090459E+12
 6.04412157E+12 6.68713415E+12 7.30149341E+12 8.22496252E+12 9.14583976E+12
 1.01892875E+13 1.13752512E+13 1.27273696E+13 1.42740860E+13 1.60498173E+13
 2.04649355E+13 2.32183427E+13 2.64346904E+13 3.02114871E+13 3.46716850E+13
 3.99716099E+13 4.68113256E+13 5.45582006E+13 6.39776551E+13 7.11269905E+13
 8.23059669E+13 9.83247432E+13 1.07827272E+14 1.18534437E+14 1.36315238E+14
 1.60041770E+14 1.77963959E+14 1.98570659E+14 2.54362580E+14 2.82385143E+14
 3.65466774E+14 4.94274437E+14 6.59232358E+14 8.83502834E+14 1.12371646E+15
 1.37522759E+15 1.70925846E+15 2.16369818E+15 2.80005044E+15 3.72306021E+15
 4.88199639E+15 7.36583218E+15 1.12469137E+16 1.87135764E+16 3.96509744E+16
 8.61421188E+16 1.76065717E+17 2.80495620E+17 5.06649930E+17 7.33286091E+17
 1.38662757E+18 2.19991501E+18 3.22166532E+18 4.46337290E+18 6.56924506E+18
 9.14540014E+18 1.34164198E+19 1.66649092E+19 6.01634721E+19 3.15246176E+20
 1.07738076E+21 3.59663836E+21 0.00000000E+00 5.62742233E+08 1.15225959E+09
 1.81554443E+09 4.09545716E+09 6.87366264E+09 1.34176629E+10 2.01966062E+10
 2.62212772E+10 3.41393165E+10 3.51035424E+10 3.51035424E+10 3.51035424E+10
 3.84492973E+10 5.03519382E+10 7.51439268E+10 9.40331310E+10 1.46437144E+11
 2.12475858E+11 2.89436553E+11 3.81874272E+11 4.38965588E+11 4.57540786E+11
 4.87628873E+11 5.69588953E+11 6.71200094E+11 7.97336855E+11 9.54244604E+11
 1.14999037E+12 1.39509408E+12 1.70340219E+12 2.09330455E+12 2.58835406E+12
 3.21628164E+12 3.87195319E+12 4.24298596E+12 4.65579475E+12 5.11593840E+12
 5.62983441E+12 6.20494036E+12 6.84994565E+12 7.46610217E+12 8.39210689E+12
 9.31534503E+12 1.03612955E+13 1.15499060E+13 1.29048449E+13 1.44545727E+13
 1.62335265E+13 2.06558187E+13 2.34132346E+13 2.66339178E+13 3.04154491E+13
 3.48808089E+13 4.01863768E+13 4.70327531E+13 5.47865087E+13 6.42135922E+13
 7.13682402E+13 8.25549263E+13 9.85837434E+13 1.08091780E+14 1.18804820E+14
 1.36594730E+14 1.60332396E+14 1.78262374E+14 1.98877517E+14 2.54689977E+14
 2.82721866E+14 3.65828374E+14 4.94668888E+14 6.59662030E+14 8.83973576E+14
 1.12422486E+15 1.37577066E+15 1.70984264E+15 2.16433149E+15 2.80074367E+15
 3.72382765E+15 4.88284379E+15 7.36682019E+15 1.12480749E+16 1.87149909E+16
 3.96528710E+16 8.61446717E+16 1.76069019E+17 2.80499462E+17 5.06654453E+17
 7.33290998E+17 1.38663293E+18 2.19992046E+18 3.22167064E+18 4.46337798E+18
 6.56924971E+18 9.14540434E+18 1.34164235E+19 1.66649125E+19 6.01634738E+19
 3.15246177E+20 1.07738076E+21 3.59663836E+21 0.00000000E+00 8.03897399E+08
 1.64602150E+09 2.59360173E+09 5.85622438E+09 9.86442014E+09 1.96081515E+10
 3.04943069E+10 4.14680181E+10 6.21025802E+10 7.82084894E+10 9.23692149E+10
 1.09117382E+11 1.26772901E+11 1.54635576E+11 1.96328114E+11 2.23826901E+11
 2.92974785E+11 3.73337281E+11 4.62476158E+11 5.65975668E+11 6.28497207E+11
 6.47649888E+11 6.78626498E+11 7.62770527E+11 8.66735163E+11 9.95415576E+11
 1.15508109E+12 1.35382684E+12 1.60220613E+12 1.91410523E+12 2.30796170E+12
 2.80738641E+12 3.44018115E+12 4.10032034E+12 4.47366991E+12 4.88891015E+12
 5.35160865E+12 5.86819255E+12 6.44613005E+12 7.09412236E+12 7.71297288E+12
 8.64277830E+12 9.56955523E+12 1.06192626E+13 1.18118693E+13 1.31710668E+13
 1.47253425E+13 1.65091641E+13 2.09422964E+13 2.37057712E+13 2.69330089E+13
 3.07216231E+13 3.51946896E+13 4.05086811E+13 4.73649973E+13 5.51290188E+13
 6.45674815E+13 7.17301201E+13 8.29284036E+13 9.89723877E+13 1.08488757E+14
 1.19210689E+14 1.37014389E+14 1.60768921E+14 1.78710701E+14 1.99338567E+14
 2.55181942E+14 2.83227889E+14 3.66371910E+14 4.95261990E+14 6.60308869E+14
 8.84682437E+14 1.12499108E+15 1.37659004E+15 1.71072474E+15 2.16528846E+15
 2.80179261E+15 3.72499161E+15 4.88413140E+15 7.36832734E+15 1.12498552E+16
 1.87171786E+16 3.96558595E+16 8.61488186E+16 1.76074616E+17 2.80506233E+17
 5.06662975E+17 7.33300738E+17 1.38664485E+18 2.19993386E+18 3.22168505E+18
 4.46339299E+18 6.56926501E+18 9.14541948E+18 1.34164379E+19 1.66649263E+19
 6.01634824E+19 3.15246180E+20 1.07738076E+21 3.59663836E+21 0.00000000E+00
 2.52447272E+09 4.91896964E+09 7.41210271E+09 1.45409659E+10 2.26429996E+10
 4.12641174E+10 6.00056605E+10 7.85479701E+10 1.17128446E+11 1.53275464E+11
 1.88673355E+11 2.28802834E+11 2.67110302E+11 3.20913923E+11 3.90518018E+11
 4.32000262E+11 5.27835169E+11 6.31377831E+11 7.41953759E+11 8.67924066E+11
 9.43720344E+11 9.67620161E+11 1.00591595E+12 1.10812042E+12 1.23164135E+12
 1.38154199E+12 1.56428270E+12 1.78817715E+12 2.06403121E+12 2.40602119E+12
 2.83292234E+12 3.36873695E+12 4.04172558E+12 4.73843013E+12 5.13060118E+12
 5.56548262E+12 6.04868976E+12 6.58669999E+12 7.18703549E+12 7.85845528E+12
 8.49825316E+12 9.45760343E+12 1.04120756E+13 1.14913480E+13 1.27155459E+13
 1.41085343E+13 1.56989880E+13 1.75215825E+13 2.20409729E+13 2.48524510E+13
 2.81313245E+13 3.19755224E+13 3.65084579E+13 4.18869579E+13 4.88179544E+13
 5.66572542E+13 6.61767263E+13 7.33946019E+13 8.46704866E+13 1.00810747E+14
 1.10377525E+14 1.21151310E+14 1.39031385E+14 1.62873723E+14 1.80874181E+14
 2.01563267E+14 2.57548342E+14 2.85655956E+14 3.68958898E+14 4.98052507E+14
 6.63320098E+14 8.87957546E+14 1.12853072E+15 1.38039402E+15 1.71485596E+15
 2.16982201E+15 2.80681618E+15 3.73060238E+15 4.89032156E+15 7.37554313E+15
 1.12584229E+16 1.87277217E+16 3.96698388E+16 8.61659856E+16 1.76094594E+17
 2.80526090E+17 5.06676977E+17 7.33310775E+17 1.38665150E+18 2.19993838E+18
 3.22168800E+18 4.46339473E+18 6.56926545E+18 9.14541994E+18 1.34164384E+19
 1.66649269E+19 6.01634831E+19 3.15246181E+20 1.07738076E+21 3.59663836E+21
 0.00000000E+00 1.14111750E+10 2.14513926E+10 3.14808450E+10 5.79622769E+10
 8.50725909E+10 1.44937085E+11 2.12019553E+11 2.81223643E+11 4.24799049E+11
 5.57226012E+11 6.80846499E+11 8.07380582E+11 9.16495332E+11 1.05682137E+12
 1.22003091E+12 1.30942209E+12 1.49853318E+12 1.68233394E+12 1.86229855E+12
 2.05327968E+12 2.16371825E+12 2.19953314E+12 2.25614351E+12 2.40328180E+12
 2.57511718E+12 2.77714357E+12 3.01632748E+12 3.30158356E+12 3.64444097E+12
 4.05994597E+12 4.56793815E+12 5.19372601E+12 5.96719857E+12 6.75656728E+12
 7.19697171E+12 7.68261396E+12 8.21932057E+12 8.81380166E+12 9.47383931E+12
 1.02084829E+13 1.09055224E+13 1.19457792E+13 1.29755872E+13 1.41348514E+13
 1.54441456E+13 1.69278485E+13 1.86152118E+13 2.05415764E+13 2.52922536E+13
 2.82331481E+13 3.16521512E+13 3.56485877E+13 4.03475228E+13 4.59077461E+13
 5.30535798E+13 6.11152215E+13 7.08816996E+13 7.82733633E+13 8.98019708E+13
 1.06272250E+14 1.16020440E+14 1.26988048E+14 1.45169152E+14 1.69378404E+14
 1.87633830E+14 2.08596895E+14 2.65244416E+14 2.93650932E+14 3.77745501E+14
 5.07875258E+14 6.74259372E+14 9.00184288E+14 1.14198112E+15 1.39502286E+15
 1.73090934E+15 2.18759772E+15 2.82666710E+15 3.75292592E+15 4.91508023E+15
 7.40412833E+15 1.12912641E+16 1.87662716E+16 3.97187702E+16 8.62292843E+16
 1.76174491E+17 2.80619057E+17 5.06787320E+17 7.33430681E+17 1.38679125E+18
 2.20009357E+18 3.22185674E+18 4.46357568E+18 6.56946174E+18 9.14562913E+18
 1.34166637E+19 1.66651618E+19 6.01637851E+19 3.15246601E+20 1.07738130E+21
 3.59663905E+21 0.00000000E+00 3.51821706E+10 6.45664412E+10 9.26283032E+10
 1.73355629E+11 2.54438089E+11 4.23620632E+11 6.00483872E+11 7.84504809E+11
 1.18371096E+12 1.57099373E+12 1.94194748E+12 2.32131482E+12 2.62918924E+12
 2.99195023E+12 3.38388100E+12 3.58817809E+12 4.00008411E+12 4.37678890E+12
 4.72562787E+12 5.07714932E+12 5.27418450E+12 5.33985620E+12 5.44211798E+12
 5.70007169E+12 5.98929610E+12 6.31610161E+12 6.68843312E+12 7.11639429E+12
 7.61298441E+12 8.19506928E+12 8.88478824E+12 9.71037387E+12 1.07055058E+13
 1.16985970E+13 1.22449838E+13 1.28422258E+13 1.34967115E+13 1.42157852E+13
 1.50079532E+13 1.58830937E+13 1.67079394E+13 1.79296588E+13 1.91290512E+13
 2.04689439E+13 2.19709373E+13 2.36605741E+13 2.55683986E+13 2.77312250E+13
 3.30097105E+13 3.62459997E+13 3.99845801E+13 4.43276090E+13 4.94034242E+13
 5.53745981E+13 6.30035606E+13 7.15615630E+13 8.18744917E+13 8.96471766E+13
 1.01724375E+14 1.18900579E+14 1.29031511E+14 1.40403739E+14 1.59204202E+14
 1.84142836E+14 2.02884712E+14 2.24353969E+14 2.82165939E+14 3.11075373E+14
 3.96453579E+14 5.28200605E+14 6.96308886E+14 9.24266794E+14 1.16794349E+15
 1.42266567E+15 1.76048285E+15 2.21943503E+15 2.86123227E+15 3.79090220E+15
 4.95681151E+15 7.45262854E+15 1.13481381E+16 1.88353589E+16 3.98106242E+16
 8.63518556E+16 1.76334251E+17 2.80812131E+17 5.07040012E+17 7.33730151E+17
 1.38718481E+18 2.20057239E+18 3.22241933E+18 4.46422106E+18 6.57022082E+18
 9.14650104E+18 1.34176871E+19 1.66662822E+19 6.01656985E+19 3.15250416E+20
 1.07738767E+21 3.59664963E+21 0.00000000E+00 1.07641344E+11 1.96081843E+11
 2.80510816E+11 5.17516210E+11 7.52615554E+11 1.23647477E+12 1.73004938E+12
 2.23600706E+12 3.32618740E+12 4.38405731E+12 5.39603579E+12 6.42489990E+12
 7.24598851E+12 8.19580772E+12 9.21047487E+12 9.73645468E+12 1.07911060E+13
 1.17459349E+13 1.26177825E+13 1.34809750E+13 1.39597256E+13 1.41234594E+13
 1.43766186E+13 1.50053848E+13 1.56936694E+13 1.64505779E+13 1.72871441E+13
 1.82168948E+13 1.92566467E+13 2.04274484E+13 2.17560544E+13 2.32756748E+13
 2.50253223E+13 2.66933174E+13 2.75826595E+13 2.85344690E+13 2.95554609E+13
 3.06532640E+13 3.18366331E+13 3.31156402E+13 3.42968402E+13 3.60132127E+13
 3.76683816E+13 3.94873552E+13 4.14937469E+13 4.37153985E+13 4.61854126E+13
 4.89435486E+13 5.55259362E+13 5.94791419E+13 6.39846386E+13 6.91506730E+13
 7.51127922E+13 8.20421465E+13 9.07892694E+13 1.00489705E+14 1.12056425E+14
 1.20702775E+14 1.34039680E+14 1.52844739E+14 1.63864645E+14 1.76182556E+14
 1.96444954E+14 2.23196408E+14 2.43234505E+14 2.66123784E+14 3.27452205E+14
 3.57971820E+14 4.47627532E+14 5.84869829E+14 7.58578266E+14 9.92368446E+14
 1.24095203E+15 1.50003213E+15 1.84281708E+15 2.30752991E+15 2.95615613E+15
 3.89415918E+15 5.06895164E+15 7.58028144E+15 1.14945967E+16 1.90090702E+16
 4.00362822E+16 8.66533789E+16 1.76733610E+17 2.81291258E+17 5.07644100E+17
 7.34429073E+17 1.38808808E+18 2.20166272E+18 3.22369506E+18 4.46568151E+18
 6.57193724E+18 9.14847389E+18 1.34200078E+19 1.66688275E+19 6.01701278E+19
 3.15259609E+20 1.07740362E+21 3.59667726E+21 0.00000000E+00 4.93578664E+11
 8.89577146E+11 1.26758506E+12 2.30469383E+12 3.30987173E+12 5.31330846E+12
 7.30770973E+12 9.31013655E+12 1.35026144E+13 1.74959971E+13 2.12968276E+13
 2.51621043E+13 2.82288236E+13 3.17318194E+13 3.54310869E+13 3.73325426E+13
 4.11094954E+13 4.44808722E+13 4.75112294E+13 5.04601246E+13 5.20762134E+13
 5.26345277E+13 5.34950836E+13 5.56184128E+13 5.79200992E+13 6.04243989E+13
 6.31601113E+13 6.61618022E+13 6.94715363E+13 7.31406515E+13 7.72328571E+13
 8.18266008E+13 8.70171557E+13 9.18638225E+13 9.44093909E+13 9.71052352E+13
 9.99653302E+13 1.03005302E+14 1.06242830E+14 1.09697960E+14 1.12849957E+14
 1.17353827E+14 1.21606583E+14 1.26184502E+14 1.31125429E+14 1.36473255E+14
 1.42278758E+14 1.48601716E+14 1.63094258E+14 1.71446618E+14 1.80689210E+14
 1.90967004E+14 2.02457484E+14 2.15379648E+14 2.31125579E+14 2.47964729E+14
 2.67330592E+14 2.81378189E+14 3.02439082E+14 3.31092562E+14 3.47409691E+14
 3.65295298E+14 3.94016056E+14 4.30779094E+14 4.57598706E+14 4.87628154E+14
 5.65661850E+14 6.03491537E+14 7.11943964E+14 8.72824482E+14 1.07117583E+15
 1.33276992E+15 1.60666496E+15 1.88876575E+15 2.25818038E+15 2.75395540E+15
 3.43914041E+15 4.42057431E+15 5.63938448E+15 8.22244265E+15 1.22183049E+16
 1.98451569E+16 4.10828769E+16 8.79942508E+16 1.78431287E+17 2.83284740E+17
 5.10103769E+17 7.37245008E+17 1.39164082E+18 2.20587699E+18 3.22855520E+18
 4.47117708E+18 6.57830213E+18 9.15569854E+18 1.34283837E+19 1.66779390E+19
 6.01852310E+19 3.15289058E+20 1.07745241E+21 3.59675808E+21 0.00000000E+00
 1.54839245E+12 2.77731292E+12 3.94878747E+12 7.14152513E+12 1.02052734E+13
 1.62079419E+13 2.20944780E+13 2.79273721E+13 3.99544379E+13 5.12407444E+13
 6.18414619E+13 7.24867949E+13 8.08426170E+13 9.03140175E+13 1.00257257E+14
 1.05350920E+14 1.15441229E+14 1.24419971E+14 1.32467538E+14 1.40276343E+14
 1.44548727E+14 1.46029476E+14 1.48310086E+14 1.53927647E+14 1.60000313E+14
 1.66585842E+14 1.73751867E+14 1.81578370E+14 1.90161197E+14 1.99615212E+14
 2.10080378E+14 2.21726745E+14 2.34761241E+14 2.46803273E+14 2.53077633E+14
 2.59684445E+14 2.66651100E+14 2.74007797E+14 2.81788285E+14 2.90030319E+14
 2.97494413E+14 3.08073929E+14 3.17976986E+14 3.28547950E+14 3.39858120E+14
 3.51989831E+14 3.65037220E+14 3.79110299E+14 4.10868301E+14 4.28881417E+14
 4.48588254E+14 4.70242477E+14 4.94151252E+14 5.20689109E+14 5.52567083E+14
 5.86149740E+14 6.24182819E+14 6.51411090E+14 6.91715337E+14 7.45646223E+14
 7.75935746E+14 8.08814336E+14 8.60960184E+14 9.26543766E+14 9.73559264E+14
 1.02541696E+15 1.15661902E+15 1.21855043E+15 1.39089764E+15 1.63490257E+15
 1.92123284E+15 2.28113132E+15 2.64100422E+15 2.99769713E+15 3.44978476E+15
 4.03795236E+15 4.82752451E+15 5.92866413E+15 7.26612806E+15 1.00469194E+16
 1.42765569E+16 2.22281879E+16 4.40333721E+16 9.16560798E+16 1.82916017E+17
 2.88435421E+17 5.16285255E+17 7.44196318E+17 1.40013673E+18 2.21571967E+18
 3.23968270E+18 4.48354375E+18 6.59232966E+18 9.17133471E+18 1.34461285E+19
 1.66970069E+19 6.02145521E+19 3.15340599E+20 1.07753106E+21 3.59687760E+21
 0.00000000E+00 4.69530211E+12 8.45961332E+12 1.20584723E+13 2.18091254E+13
 3.11327380E+13 4.92105656E+13 6.67453677E+13 8.39454494E+13 1.19041861E+14
 1.51600189E+14 1.81831337E+14 2.11843769E+14 2.35217282E+14 2.61599007E+14
 2.89170757E+14 3.03245952E+14 3.31027214E+14 3.55629076E+14 3.77577390E+14
 3.98776443E+14 4.10335325E+14 4.14341173E+14 4.20504494E+14 4.35653658E+14
 4.51980311E+14 4.69629777E+14 4.88771566E+14 5.09605364E+14 5.32369562E+14
 5.57348477E+14 5.84887033E+14 6.15403695E+14 6.49411327E+14 6.80691981E+14
 6.96939870E+14 7.14012201E+14 7.31974639E+14 7.50899286E+14 7.70866450E+14
 7.91965645E+14 8.11027635E+14 8.37982193E+14 8.63150574E+14 8.89946105E+14
 9.18530949E+14 9.49091046E+14 9.81836337E+14 1.01700976E+15 1.09580335E+15
 1.14012542E+15 1.18830050E+15 1.24085181E+15 1.29840271E+15 1.36169988E+15
 1.43692580E+15 1.51522840E+15 1.60275428E+15 1.66467739E+15 1.75523697E+15
 1.87442571E+15 1.94040480E+15 2.01126944E+15 2.12211168E+15 2.25917764E+15
 2.35606402E+15 2.46169998E+15 2.72376571E+15 2.84513637E+15 3.17607727E+15
 3.63012201E+15 4.14559926E+15 4.77277545E+15 5.38134547E+15 5.96864144E+15
 6.69319325E+15 7.60760210E+15 8.79397189E+15 1.03868363E+16 1.22487411E+16
 1.59153200E+16 2.11448591E+16 3.03942066E+16 5.41951504E+16 1.04108146E+17
 1.97989506E+17 3.05530335E+17 5.36357296E+17 7.66402583E+17 1.42665170E+18
 2.24591620E+18 3.27333637E+18 4.52048740E+18 6.63362287E+18 9.21678300E+18
 1.34969480E+19 1.67511578E+19 6.02937178E+19 3.15470790E+20 1.07771998E+21
 3.59715067E+21 0.00000000E+00 8.76593948E+12 1.58721843E+13 2.26912906E+13
 4.11742904E+13 5.88413646E+13 9.30281503E+13 1.26058685E+14 1.58323601E+14
 2.23813513E+14 2.84228287E+14 3.40055906E+14 3.95243407E+14 4.38091539E+14
 4.86353396E+14 5.36683244E+14 5.62333858E+14 6.12877005E+14 6.57559310E+14
 6.97417064E+14 7.35833702E+14 7.56747518E+14 7.63993319E+14 7.75137754E+14
 8.02510647E+14 8.31979981E+14 8.63800744E+14 8.98269721E+14 9.35735746E+14
 9.76614390E+14 1.02140003E+15 1.07069103E+15 1.12521233E+15 1.18585347E+15
 1.24152268E+15 1.27039823E+15 1.30070988E+15 1.33257027E+15 1.36610288E+15
 1.40144511E+15 1.43874984E+15 1.47241692E+15 1.51996275E+15 1.56429072E+15
 1.61141334E+15 1.66160148E+15 1.71516482E+15 1.77245137E+15 1.83386258E+15
 1.97097076E+15 2.04781738E+15 2.13112155E+15 2.22173410E+15 2.32066688E+15
 2.42913147E+15 2.55760319E+15 2.69112584E+15 2.83963963E+15 2.94410159E+15
 3.09614969E+15 3.29508946E+15 3.40468817E+15 3.52200734E+15 3.70472475E+15
 3.92955143E+15 4.08780660E+15 4.25971210E+15 4.68324694E+15 4.87797508E+15
 5.40440700E+15 6.11618851E+15 6.91038333E+15 7.85820866E+15 8.76157633E+15
 9.62108722E+15 1.06671292E+16 1.19684388E+16 1.36327570E+16 1.58412056E+16
 1.84214351E+16 2.32392783E+16 2.97396578E+16 4.08494725E+16 6.80566959E+16
 1.21960339E+17 2.20637926E+17 3.31657763E+17 5.67122733E+17 8.00331170E+17
 1.46787530E+18 2.29331627E+18 3.32659842E+18 4.57937974E+18 6.70003110E+18
 9.29044289E+18 1.35800790E+19 1.68402149E+19 6.04283899E+19 3.15703443E+20
 1.07807180E+21 3.59768269E+21 0.00000000E+00 1.85821123E+13 3.39066602E+13
 4.87290788E+13 8.91668077E+13 1.27900061E+14 2.03004782E+14 2.75491069E+14
 3.46260772E+14 4.89860831E+14 6.21689962E+14 7.43087001E+14 8.62776576E+14
 9.55481100E+14 1.05961261E+15 1.16788290E+15 1.22293691E+15 1.33117062E+15
 1.42653602E+15 1.51122675E+15 1.59267231E+15 1.63693747E+15 1.65226701E+15
 1.67583780E+15 1.73369713E+15 1.79593249E+15 1.86306994E+15 1.93572050E+15
 2.01460075E+15 2.10056239E+15 2.19461564E+15 2.29797948E+15 2.41212622E+15
 2.53885942E+15 2.65498331E+15 2.71513263E+15 2.77821069E+15 2.84444148E+15
 2.91406972E+15 2.98736691E+15 3.06463426E+15 3.13427796E+15 3.23246267E+15
 3.32381223E+15 3.42072841E+15 3.52374064E+15 3.63345418E+15 3.75054783E+15
 3.87580367E+15 4.15451553E+15 4.31019714E+15 4.47855370E+15 4.66121644E+15
 4.86011442E+15 5.07753900E+15 5.33418845E+15 5.59939054E+15 5.89357392E+15
 6.10031400E+15 6.40065772E+15 6.79245298E+15 7.00768779E+15 7.23758994E+15
 7.59462465E+15 8.03246003E+15 8.33974618E+15 8.67263677E+15 9.48852185E+15
 9.86147723E+15 1.08624743E+16 1.21982558E+16 1.36641445E+16 1.53802104E+16
 1.69871508E+16 1.84950328E+16 2.03038341E+16 2.25153571E+16 2.52830975E+16
 2.88492818E+16 3.28412963E+16 4.02405427E+16 5.00173890E+16 6.59399816E+16
 1.02892345E+17 1.71154555E+17 2.84448438E+17 4.06286136E+17 6.55576802E+17
 8.97220228E+17 1.58488503E+18 2.42789217E+18 3.47785005E+18 4.74665123E+18
 6.88869188E+18 9.49974532E+18 1.38163462E+19 1.70933569E+19 6.08114848E+19
 3.16365928E+20 1.07907438E+21 3.59919994E+21 0.00000000E+00 4.72054827E+13
 8.73906201E+13 1.26823256E+14 2.35770699E+14 3.41374988E+14 5.47677885E+14
 7.48072490E+14 9.44122500E+14 1.34203758E+15 1.70783837E+15 2.04478718E+15
 2.37689738E+15 2.63383410E+15 2.92196958E+15 3.22112531E+15 3.37310115E+15
 3.67164716E+15 3.93448084E+15 4.16775026E+15 4.39197064E+15 4.51379555E+15
 4.55598126E+15 4.62082306E+15 4.77987135E+15 4.95076020E+15 5.13489086E+15
 5.33388709E+15 5.54964867E+15 5.78442823E+15 6.04088995E+15 6.32223970E+15
 6.63233869E+15 6.97590815E+15 7.29004845E+15 7.45251659E+15 7.62271434E+15
 7.80122028E+15 7.98866506E+15 8.18574689E+15 8.39323882E+15 8.58002687E+15
 8.84305040E+15 9.08748154E+15 9.34651608E+15 9.62152014E+15 9.91405388E+15
 1.02258626E+16 1.05589542E+16 1.12984934E+16 1.17106229E+16 1.21555515E+16
 1.26374177E+16 1.31611018E+16 1.37323825E+16 1.44051679E+16 1.50986363E+16
 1.58658626E+16 1.64037861E+16 1.71834496E+16 1.81973439E+16 1.87528301E+16
 1.93450099E+16 2.02623097E+16 2.13825038E+16 2.21652437E+16 2.30101201E+16
 2.50679077E+16 2.60027276E+16 2.84947684E+16 3.17843482E+16 3.53510523E+16
 3.94739336E+16 4.32915241E+16 4.68401334E+16 5.10529781E+16 5.61381693E+16
 6.24013872E+16 7.03105038E+16 7.89595796E+16 9.45673449E+16 1.14507052E+17
 1.45507459E+17 2.12153168E+17 3.23788913E+17 4.90439102E+17 6.56760140E+17
 9.74584862E+17 1.26725444E+18 2.06773445E+18 3.01439574E+18 4.16734611E+18
 5.53895729E+18 7.82371482E+18 1.05779592E+19 1.50890527E+19 1.84917748E+19
 6.32663837E+19 3.21496430E+20 1.08799679E+21 3.61466965E+21 0.00000000E+00
 1.07619904E+14 2.02556829E+14 2.96483526E+14 5.59963150E+14 8.18864288E+14
 1.33126436E+15 1.83476216E+15 2.33133188E+15 3.34782175E+15 4.28805944E+15
 5.15818377E+15 6.01920543E+15 6.68716029E+15 7.43741728E+15 8.21737256E+15
 8.61389874E+15 9.39326864E+15 1.00797279E+16 1.06891106E+16 1.12748986E+16
 1.15931710E+16 1.17033937E+16 1.18728374E+16 1.22885812E+16 1.27354480E+16
 1.32171145E+16 1.37378380E+16 1.43025947E+16 1.49172791E+16 1.55888541E+16
 1.63256872E+16 1.71378420E+16 1.80376086E+16 1.88601736E+16 1.92855186E+16
 1.97310349E+16 2.01982174E+16 2.06886937E+16 2.12042630E+16 2.17469150E+16
 2.22352773E+16 2.29227689E+16 2.35614941E+16 2.42381891E+16 2.49563751E+16
 2.57200692E+16 2.65337587E+16 2.74025995E+16 2.93301016E+16 3.04032950E+16
 3.15610848E+16 3.28140060E+16 3.41744559E+16 3.56570779E+16 3.74010942E+16
 3.91963525E+16 4.11796740E+16 4.25683910E+16 4.45784400E+16 4.71874053E+16
 4.86143780E+16 5.01337109E+16 5.24832811E+16 5.53468409E+16 5.73444949E+16
 5.94977578E+16 6.47295959E+16 6.71005113E+16 7.34035281E+16 8.16860278E+16
 9.06192793E+16 1.00886496E+17 1.10334165E+17 1.19062551E+17 1.29359784E+17
 1.41698427E+17 1.56764050E+17 1.75590706E+17 1.95938295E+17 2.32144433E+17
 2.77532568E+17 3.46197563E+17 4.86768246E+17 7.06947989E+17 1.01356298E+18
 1.29969794E+18 1.81166029E+18 2.25561751E+18 3.38991358E+18 4.65097188E+18
 6.12250032E+18 7.81751268E+18 1.05590624E+19 1.37797428E+19 1.89358341E+19
 2.27617421E+19 7.12457164E+19 3.39663585E+20 1.12176446E+21 3.67731494E+21
 0.00000000E+00 2.87460838E+14 5.46381576E+14 8.04354369E+14 1.53647080E+15
 2.26454589E+15 3.72402007E+15 5.17481879E+15 6.61891467E+15 9.60842011E+15
 1.24040088E+16 1.50120511E+16 1.76096324E+16 1.96338867E+16 2.19151101E+16
 2.42949383E+16 2.55080340E+16 2.78985753E+16 3.00108756E+16 3.18912324E+16
 3.37033719E+16 3.46898246E+16 3.50317326E+16 3.55575312E+16 3.68485803E+16
 3.82377771E+16 3.97368653E+16 4.13594671E+16 4.31215356E+16 4.50420008E+16
 4.71432730E+16 4.94523389E+16 5.20017386E+16 5.48313206E+16 5.74227692E+16
 5.87645120E+16 6.01711245E+16 6.16474935E+16 6.31989482E+16 6.48313895E+16
 6.65513516E+16 6.81007773E+16 7.02837785E+16 7.23132907E+16 7.44648253E+16
 7.67497682E+16 7.91811143E+16 8.17733887E+16 8.45432869E+16 9.06949024E+16
 9.41237345E+16 9.78256581E+16 1.01834870E+17 1.06191628E+17 1.10943510E+17
 1.16538025E+17 1.22302032E+17 1.28675458E+17 1.33141392E+17 1.39609913E+17
 1.48013109E+17 1.52612477E+17 1.57511892E+17 1.65093073E+17 1.74337361E+17
 1.80787804E+17 1.87741806E+17 2.04641334E+17 2.12300538E+17 2.32662363E+17
 2.59413341E+17 2.88250883E+17 3.21365335E+17 3.51791904E+17 3.79850536E+17
 4.12884471E+17 4.52365001E+17 5.00412557E+17 5.60199669E+17 6.24488048E+17
 7.38117550E+17 8.79182649E+17 1.08946037E+18 1.50793791E+18 2.13457661E+18
 2.97120669E+18 3.71077723E+18 4.96340348E+18 5.98852905E+18 8.41029186E+18
 1.08920142E+19 1.36072011E+19 1.65707564E+19 2.11131583E+19 2.61823334E+19
 3.39084751E+19 3.94283865E+19 1.02961820E+20 4.13847897E+20 1.26276510E+21
 3.94518554E+21 0.00000000E+00 5.83106624E+14 1.11198777E+15 1.63973144E+15
 3.14275825E+15 4.64151173E+15 7.65741791E+15 1.06683883E+16 1.36756549E+16
 1.99210645E+16 2.57789510E+16 3.12579022E+16 3.67276036E+16 4.09996461E+16
 4.58245943E+16 5.08686521E+16 5.34435411E+16 5.85242819E+16 6.30203078E+16
 6.70273563E+16 7.08928536E+16 7.29985313E+16 7.37286072E+16 7.48516001E+16
 7.76103015E+16 8.05807564E+16 8.37885074E+16 8.72632183E+16 9.10396669E+16
 9.51591665E+16 9.96706919E+16 1.04633293E+17 1.10118280E+17 1.16213115E+17
 1.21801358E+17 1.24697050E+17 1.27734426E+17 1.30924266E+17 1.34278337E+17
 1.37809679E+17 1.41532746E+17 1.44888746E+17 1.49620111E+17 1.54021777E+17
 1.58691133E+17 1.63653355E+17 1.68937199E+17 1.74574832E+17 1.80603252E+17
 1.94007581E+17 2.01488108E+17 2.09571436E+17 2.18333655E+17 2.27864426E+17
 2.38269805E+17 2.50533445E+17 2.63182789E+17 2.77185464E+17 2.87006844E+17
 3.01245602E+17 3.19765500E+17 3.29912352E+17 3.40728803E+17 3.57480768E+17
 3.77928724E+17 3.92208729E+17 4.07614158E+17 4.45096574E+17 4.62104291E+17
 5.07376546E+17 5.66974946E+17 6.31365221E+17 7.05475787E+17 7.73710050E+17
 8.36731524E+17 9.11034686E+17 9.99972206E+17 1.10837921E+18 1.24349370E+18
 1.38900366E+18 1.64657906E+18 1.96670781E+18 2.44401496E+18 3.39197303E+18
 4.80130897E+18 6.66460692E+18 8.28980775E+18 1.09976617E+19 1.31707891E+19
 1.81577497E+19 2.30908486E+19 2.83191176E+19 3.38595884E+19 4.20801088E+19
 5.09453493E+19 6.39786167E+19 7.30127431E+19 1.68173249E+20 5.70528824E+20
 1.56671679E+21 4.53461732E+21 0.00000000E+00 1.17319190E+15 2.23909657E+15
 3.30311748E+15 6.33455753E+15 9.36555832E+15 1.54756422E+16 2.15806450E+16
 2.76812739E+16 4.03667700E+16 5.22909999E+16 6.34599487E+16 7.46212404E+16
 8.33459368E+16 9.32081464E+16 1.03526510E+17 1.08796754E+17 1.19201154E+17
 1.28413400E+17 1.36627460E+17 1.44554369E+17 1.48873602E+17 1.50371357E+17
 1.52675415E+17 1.58336656E+17 1.64434274E+17 1.71021071E+17 1.78158392E+17
 1.85918183E+17 1.94385944E+17 2.03663074E+17 2.13871881E+17 2.25160140E+17
 2.37709181E+17 2.49220215E+17 2.55186788E+17 2.61446610E+17 2.68022064E+17
 2.74937589E+17 2.82220275E+17 2.89900153E+17 2.96824401E+17 3.06589282E+17
 3.15677066E+17 3.25320968E+17 3.35573532E+17 3.46494778E+17 3.58151892E+17
 3.70622167E+17 3.98368287E+17 4.13862942E+17 4.30614219E+17 4.48781448E+17
 4.68552453E+17 4.90149528E+17 5.15618592E+17 5.41904929E+17 5.71021867E+17
 5.91455215E+17 6.21094161E+17 6.59670259E+17 6.80817386E+17 7.03368745E+17
 7.38312157E+17 7.80995420E+17 8.10824381E+17 8.43022516E+17 9.21437779E+17
 9.57052031E+17 1.05194576E+18 1.17705724E+18 1.31244241E+18 1.46850663E+18
 1.61241685E+18 1.74551975E+18 1.90265974E+18 2.09101994E+18 2.32097099E+18
 2.60805446E+18 2.91774081E+18 3.46713370E+18 4.15181220E+18 5.17562687E+18
 7.21608144E+18 1.02612910E+19 1.42936847E+19 1.78087667E+19 2.36472406E+19
 2.83109612E+19 3.88976221E+19 4.92246022E+19 6.00169761E+19 7.12930190E+19
 8.77444566E+19 1.05150740E+20 1.30190617E+20 1.47211401E+20 3.15175856E+20
 9.33223849E+20 2.28455198E+21 5.95475326E+21 0.00000000E+00 1.87848670E+15
 3.58546472E+15 5.28994257E+15 1.01474601E+16 1.50080710E+16 2.48107957E+16
 3.46073347E+16 4.43981549E+16 6.47661655E+16 8.39266382E+16 1.01882390E+17
 1.19831827E+17 1.33866443E+17 1.49734978E+17 1.66341633E+17 1.74825196E+17
 1.91575955E+17 2.06410131E+17 2.19638945E+17 2.32406942E+17 2.39364638E+17
 2.41777428E+17 2.45489254E+17 2.54610147E+17 2.64435114E+17 2.75049430E+17
 2.86552176E+17 2.99059573E+17 3.12709744E+17 3.27666518E+17 3.44127526E+17
 3.62331576E+17 3.82571741E+17 4.01140256E+17 4.10765879E+17 4.20865232E+17
 4.31474501E+17 4.42633202E+17 4.54385136E+17 4.66778867E+17 4.77953894E+17
 4.93714893E+17 5.08384799E+17 5.23954240E+17 5.40508336E+17 5.58144326E+17
 5.76971081E+17 5.97113863E+17 6.41940906E+17 6.66979912E+17 6.94053922E+17
 7.23421353E+17 7.55386892E+17 7.90311206E+17 8.31505091E+17 8.74029771E+17
 9.21143741E+17 9.54212899E+17 1.00218882E+18 1.06464547E+18 1.09889031E+18
 1.13541403E+18 1.19201731E+18 1.26117746E+18 1.30952391E+18 1.36172280E+18
 1.48889860E+18 1.54668082E+18 1.70070210E+18 1.90389091E+18 2.12389760E+18
 2.37765143E+18 2.61177900E+18 2.82844753E+18 3.08438355E+18 3.39134886E+18
 3.76633256E+18 4.23480689E+18 4.74051505E+18 5.63856896E+18 6.75929753E+18
 8.43770053E+18 1.17893844E+19 1.68053388E+19 2.34628015E+19 2.92743118E+19
 3.89324651E+19 4.66472181E+19 6.29489648E+19 7.95360563E+19 9.67882494E+19
 1.14725226E+20 1.40738773E+20 1.68071049E+20 2.07069900E+20 2.33379203E+20
 4.86104858E+20 1.35585114E+21 3.12263919E+21 7.61649429E+21 2.84286398E+08
 2.84286398E+08 2.84286398E+08 2.84286398E+08 2.84286398E+08 2.84286398E+08
 2.84286398E+08 2.84286398E+08 2.84286398E+08 2.84286398E+08 2.84286398E+08
 2.84286398E+08 2.84286398E+08 2.84286398E+08 2.84286398E+08 2.84286398E+08
 2.84286398E+08 2.84286398E+08 2.84286398E+08 2.84286398E+08 3.57135667E+07
 0.00000000E+00 4.43662715E+06 2.86529612E+07 1.78482864E+08 4.85128287E+08
 9.87822706E+08 1.73568560E+09 2.79063263E+09 4.23123039E+09 6.15792740E+09
 8.69976754E+09 1.20241826E+10 1.63437239E+10 2.08736330E+10 2.34338134E+10
 2.62742860E+10 2.94272486E+10 3.29290774E+10 3.68211844E+10 4.11507772E+10
 4.52509121E+10 5.13468696E+10 5.73468385E+10 6.40543048E+10 7.15651914E+10
 7.99909429E+10 8.94615145E+10 1.00130323E+11 1.25816204E+11 1.41303706E+11
 1.58944506E+11 1.79108380E+11 2.02244142E+11 2.28901272E+11 2.62143850E+11
 2.98442794E+11 3.40932176E+11 3.72140593E+11 4.19384243E+11 4.84258793E+11
 5.21394701E+11 5.62185979E+11 6.27750779E+11 7.11607545E+11 7.72591384E+11
 8.40543755E+11 1.01483252E+12 1.09794295E+12 1.33065250E+12 1.66081252E+12
 2.04518745E+12 2.51966702E+12 2.98418853E+12 3.43490966E+12 3.99089050E+12
 4.68841132E+12 5.58136522E+12 6.75289104E+12 8.07888115E+12 1.05677804E+13
 1.38737157E+13 1.91465989E+13 3.04831501E+13 4.87182346E+13 7.42974843E+13
 9.73481122E+13 1.36449963E+14 1.68046362E+14 2.39343744E+14 3.08019499E+14
 3.78491381E+14 4.50574673E+14 5.52892897E+14 6.57610429E+14 8.02368857E+14
 8.97138663E+14 1.71471910E+15 3.83537677E+15 6.84103082E+15 1.18964051E+16
 5.91546522E+08 5.91546522E+08 5.91546522E+08 5.91546522E+08 5.91546522E+08
 5.91546522E+08 5.91546522E+08 5.91546522E+08 5.91546522E+08 5.91546522E+08
 5.91546522E+08 5.91546522E+08 5.91546522E+08 5.91546522E+08 5.91546522E+08
 5.91546522E+08 5.91546522E+08 5.91546522E+08 5.91546522E+08 5.91546522E+08
 3.35025292E+08 2.96903896E+08 2.99831717E+08 3.21711768E+08 4.65898346E+08
 7.66374257E+08 1.26250499E+09 2.00324107E+09 3.05049211E+09 4.48285649E+09
 6.40067022E+09 8.93294713E+09 1.22470813E+10 1.65555769E+10 2.10757421E+10
 2.36310670E+10 2.64665007E+10 2.96143116E+10 3.31108697E+10 3.69975456E+10
 4.13215834E+10 4.54168859E+10 5.15062241E+10 5.75002662E+10 6.42016845E+10
 7.17064105E+10 8.01258968E+10 8.95901050E+10 1.00252458E+11 1.25925183E+11
 1.41406052E+11 1.59040148E+11 1.79197346E+11 2.02326431E+11 2.28976918E+11
 2.62212463E+11 2.98504943E+11 3.40988002E+11 3.72192446E+11 4.19430941E+11
 4.84299695E+11 5.21432802E+11 5.62221363E+11 6.27782425E+11 7.11635281E+11
 7.72616753E+11 8.40566865E+11 1.01485114E+12 1.09795991E+12 1.33066592E+12
 1.66082267E+12 2.04519519E+12 2.51967290E+12 2.98419321E+12 3.43491352E+12
 3.99089364E+12 4.68841384E+12 5.58136719E+12 6.75289254E+12 8.07888232E+12
 1.05677812E+13 1.38737162E+13 1.91465992E+13 3.04831503E+13 4.87182347E+13
 7.42974843E+13 9.73481123E+13 1.36449963E+14 1.68046362E+14 2.39343744E+14
 3.08019499E+14 3.78491381E+14 4.50574673E+14 5.52892897E+14 6.57610429E+14
 8.02368857E+14 8.97138663E+14 1.71471910E+15 3.83537677E+15 6.84103082E+15
 1.18964051E+16 9.56910174E+08 9.56910174E+08 9.56910174E+08 9.56910174E+08
 9.56910174E+08 9.56910174E+08 9.56910174E+08 9.56910174E+08 9.56910174E+08
 9.56910174E+08 9.56910174E+08 9.56910174E+08 9.56910174E+08 9.56910174E+08
 9.56910174E+08 9.56910174E+08 9.56910174E+08 9.56910174E+08 9.56910174E+08
 9.56910174E+08 6.99731958E+08 6.67163101E+08 6.69951411E+08 6.91615438E+08
 8.35256148E+08 1.13514285E+09 1.63042102E+09 2.37020755E+09 3.41643490E+09
 4.84740558E+09 6.76365595E+09 9.29402085E+09 1.26058819E+10 1.69115847E+10
 2.14290919E+10 2.39828739E+10 2.68166648E+10 2.99628014E+10 3.34574567E+10
 3.73420463E+10 4.16639518E+10 4.57571691E+10 5.18435354E+10 5.78347752E+10
 6.45330718E+10 7.20345132E+10 8.04503065E+10 8.99106084E+10 1.00568632E+11
 1.26231607E+11 1.41706866E+11 1.59334898E+11 1.79485518E+11 2.02607427E+11
 2.29250093E+11 2.62476478E+11 2.98759637E+11 3.41232546E+11 3.72430084E+11
 4.19658720E+11 4.84515214E+11 5.21641818E+11 5.62423621E+11 6.27974628E+11
 7.11815849E+11 7.72789629E+11 8.40731809E+11 1.01499835E+12 1.09809979E+12
 1.33078818E+12 1.66092557E+12 2.04528123E+12 2.51974354E+12 2.98425268E+12
 3.43496461E+12 3.99093676E+12 4.68844944E+12 5.58139586E+12 6.75291493E+12
 8.07889991E+12 1.05677933E+13 1.38737244E+13 1.91466043E+13 3.04831528E+13
 4.87182359E+13 7.42974849E+13 9.73481126E+13 1.36449963E+14 1.68046362E+14
 2.39343744E+14 3.08019499E+14 3.78491381E+14 4.50574673E+14 5.52892897E+14
 6.57610429E+14 8.02368857E+14 8.97138663E+14 1.71471910E+15 3.83537677E+15
 6.84103082E+15 1.18964051E+16 1.69105873E+09 1.69105873E+09 1.69105873E+09
 1.69105873E+09 1.69105873E+09 1.69105873E+09 1.69105873E+09 1.69105873E+09
 1.69105873E+09 1.69105873E+09 1.69105873E+09 1.69105873E+09 1.69105873E+09
 1.69105873E+09 1.69105873E+09 1.69105873E+09 1.69105873E+09 1.69105873E+09
 1.69105873E+09 1.69105873E+09 1.43327024E+09 1.42378549E+09 1.42652712E+09
 1.44811888E+09 1.59141747E+09 1.89090967E+09 2.38575496E+09 3.12503502E+09
 4.17074052E+09 5.60113504E+09 7.51653852E+09 1.00458439E+10 1.33564829E+10
 1.76608762E+10 2.21768503E+10 2.47298020E+10 2.75626901E+10 3.07078906E+10
 3.42015926E+10 3.80851513E+10 4.24057437E+10 4.64977795E+10 5.25824139E+10
 5.85721274E+10 6.52687489E+10 7.27681526E+10 8.11817288E+10 9.06397347E+10
 1.01295214E+11 1.26951970E+11 1.42423770E+11 1.60047740E+11 1.80193944E+11
 2.03310857E+11 2.29947888E+11 2.63167538E+11 2.99443535E+11 3.41908294E+11
 3.73100062E+11 4.20320117E+11 4.85165362E+11 5.22285610E+11 5.63060849E+11
 6.28601345E+11 7.12429719E+11 7.73394682E+11 8.41327114E+11 1.01557042E+12
 1.09866128E+12 1.33132231E+12 1.66142491E+12 2.04574491E+12 2.52016917E+12
 2.98464593E+12 3.43533022E+12 3.99127247E+12 4.68875285E+12 5.58166473E+12
 6.75314711E+12 8.07909916E+12 1.05679474E+13 1.38738391E+13 1.91466816E+13
 3.04831933E+13 4.87182556E+13 7.42974948E+13 9.73481189E+13 1.36449967E+14
 1.68046365E+14 2.39343746E+14 3.08019500E+14 3.78491382E+14 4.50574674E+14
 5.52892898E+14 6.57610429E+14 8.02368857E+14 8.97138663E+14 1.71471910E+15
 3.83537677E+15 6.84103082E+15 1.18964051E+16 3.97230226E+09 3.97230226E+09
 3.96010305E+09 3.95574724E+09 3.95303419E+09 3.95204477E+09 3.95110845E+09
 3.95079057E+09 3.95064666E+09 3.95056963E+09 3.95054003E+09 3.95052138E+09
 3.95050766E+09 3.95049975E+09 3.95049306E+09 3.95048770E+09 3.95048566E+09
 3.95047814E+09 3.95046849E+09 3.03110443E+09 3.02729510E+09 2.98553037E+09
 2.98822609E+09 3.00974675E+09 3.15286841E+09 3.45216684E+09 3.94679949E+09
 4.68580009E+09 5.73123059E+09 7.16134123E+09 9.07643050E+09 1.16053871E+10
 1.49154586E+10 1.92189755E+10 2.37341432E+10 2.62866767E+10 2.91191259E+10
 3.22637402E+10 3.57569600E+10 3.96400114E+10 4.39600698E+10 4.80516249E+10
 5.41355126E+10 6.01242846E+10 6.68199104E+10 7.43182598E+10 8.27307183E+10
 9.21873541E+10 1.02841579E+11 1.28495334E+11 1.43965106E+11 1.61586901E+11
 1.81730531E+11 2.04844950E+11 2.31479031E+11 2.64694777E+11 3.00966510E+11
 3.43426978E+11 3.74615371E+11 4.21830349E+11 4.86668796E+11 5.23785492E+11
 5.64556494E+11 6.30090296E+11 7.13910816E+11 7.74869845E+11 8.42795782E+11
 1.01702320E+12 1.10010653E+12 1.33274741E+12 1.66282258E+12 2.04711224E+12
 2.52150079E+12 2.98594457E+12 3.43659849E+12 3.99250492E+12 4.68994302E+12
 5.58280449E+12 6.75422571E+12 8.08011479E+12 1.05688597E+13 1.38746374E+13
 1.91473377E+13 3.04836460E+13 4.87185312E+13 7.42976523E+13 9.73482237E+13
 1.36450027E+14 1.68046407E+14 2.39343768E+14 3.08019513E+14 3.78491391E+14
 4.50574680E+14 5.52892902E+14 6.57610432E+14 8.02368859E+14 8.97138664E+14
 1.71471910E+15 3.83537677E+15 6.84103082E+15 1.18964051E+16 1.93916829E+10
 1.93916829E+10 1.93916937E+10 1.93914001E+10 1.93859185E+10 1.93402096E+10
 1.92323627E+10 1.74043722E+10 1.69106312E+10 1.48435170E+10 1.30665483E+10
 1.26181418E+10 1.20342958E+10 1.18492442E+10 1.16131821E+10 1.12049372E+10
 1.03630680E+10 9.69484960E+09 8.85027476E+09 8.34137197E+09 8.08312094E+09
 8.04346021E+09 8.04616341E+09 8.06769565E+09 8.21084613E+09 8.51017612E+09
 9.00484342E+09 9.74388210E+09 1.07891088E+10 1.22189748E+10 1.41337932E+10
 1.66624492E+10 1.99721860E+10 2.42753290E+10 2.87901528E+10 3.13425078E+10
 3.41747698E+10 3.73191107E+10 4.08118786E+10 4.46944548E+10 4.90140129E+10
 5.31051177E+10 5.91883719E+10 6.51765563E+10 7.18716326E+10 7.93696804E+10
 8.77818190E+10 9.72379357E+10 1.07891373E+11 1.33543394E+11 1.49012208E+11
 1.66632977E+11 1.86775336E+11 2.09887929E+11 2.36520038E+11 2.69733490E+11
 3.06002796E+11 3.48459830E+11 3.79646463E+11 4.26858923E+11 4.91693566E+11
 5.28807919E+11 5.69576448E+11 6.35106470E+11 7.18921484E+11 7.79876595E+11
 8.47798356E+11 1.02201591E+12 1.10509486E+12 1.33772240E+12 1.66777829E+12
 2.05204799E+12 2.52641099E+12 2.99083065E+12 3.44146164E+12 3.99733917E+12
 4.69474344E+12 5.58756038E+12 6.75892661E+12 8.08475406E+12 1.05733870E+13
 1.38790222E+13 1.91515096E+13 3.04874058E+13 4.87217392E+13 7.43002539E+13
 9.73504058E+13 1.36451680E+14 1.68047751E+14 2.39344647E+14 3.08020127E+14
 3.78491833E+14 4.50575007E+14 5.52893126E+14 6.57610593E+14 8.02368967E+14
 8.97138750E+14 1.71471912E+15 3.83537678E+15 6.84103082E+15 1.18964051E+16
 2.74071174E+10 2.74071174E+10 2.74071259E+10 2.74068295E+10 2.74013281E+10
 2.73740204E+10 2.73284470E+10 2.68695014E+10 2.61169346E+10 2.42401248E+10
 2.22883641E+10 2.04962605E+10 1.88510646E+10 1.77323149E+10 1.65067032E+10
 1.51708122E+10 1.44466219E+10 1.33612302E+10 1.25308046E+10 1.20230623E+10
 1.17648410E+10 1.17245101E+10 1.17272214E+10 1.17487663E+10 1.18919481E+10
 1.21913125E+10 1.26860174E+10 1.34250975E+10 1.44703699E+10 1.59002862E+10
 1.78151604E+10 2.03438783E+10 2.36536840E+10 2.79569040E+10 3.24717985E+10
 3.50241903E+10 3.78564909E+10 4.10008722E+10 4.44936827E+10 4.83763036E+10
 5.26959088E+10 5.67870560E+10 6.28703699E+10 6.88586096E+10 7.55536725E+10
 8.30514259E+10 9.14632524E+10 1.00919038E+11 1.11572123E+11 1.37223367E+11
 1.52691753E+11 1.70312063E+11 1.90454438E+11 2.13567140E+11 2.40199367E+11
 2.73412955E+11 3.09682401E+11 3.52139586E+11 3.83325706E+11 4.30537428E+11
 4.95371128E+11 5.32484971E+11 5.73252962E+11 6.38782161E+11 7.22596187E+11
 7.83550618E+11 8.51471978E+11 1.02568813E+12 1.10876630E+12 1.34139184E+12
 1.67144515E+12 2.05570920E+12 2.53006928E+12 2.99448459E+12 3.44511049E+12
 4.00098315E+12 4.69838098E+12 5.59118998E+12 6.76254434E+12 8.08835970E+12
 1.05769692E+13 1.38825734E+13 1.91550106E+13 3.04907986E+13 4.87249581E+13
 7.43032356E+13 9.73531827E+13 1.36454131E+14 1.68049966E+14 2.39346405E+14
 3.08021540E+14 3.78492967E+14 4.50575922E+14 5.52893810E+14 6.57611111E+14
 8.02369332E+14 8.97139046E+14 1.71471920E+15 3.83537679E+15 6.84103082E+15
 1.18964051E+16 2.88294596E+10 2.88294596E+10 2.88294300E+10 2.88290983E+10
 2.88235156E+10 2.88133571E+10 2.86474956E+10 2.84715258E+10 2.82914611E+10
 2.71846652E+10 2.52181425E+10 2.46426464E+10 2.36212995E+10 2.29372657E+10
 2.21799114E+10 2.12636903E+10 2.03720740E+10 1.93367440E+10 1.85121853E+10
 1.80091463E+10 1.77547779E+10 1.77097062E+10 1.77124339E+10 1.77340042E+10
 1.78772492E+10 1.81766827E+10 1.86714636E+10 1.94106272E+10 2.04559915E+10
 2.18860093E+10 2.38009959E+10 2.63298385E+10 2.96397830E+10 3.39431581E+10
 3.84581954E+10 4.10106612E+10 4.38430394E+10 4.69875023E+10 5.04803985E+10
 5.43631095E+10 5.86828096E+10 6.27740422E+10 6.88574763E+10 7.48458274E+10
 8.15410082E+10 8.90388865E+10 9.74508453E+10 1.06906771E+11 1.17560006E+11
 1.43211579E+11 1.58680147E+11 1.76300652E+11 1.96442726E+11 2.19555013E+11
 2.46186792E+11 2.79399859E+11 3.15668774E+11 3.58125381E+11 3.89311100E+11
 4.36522248E+11 5.01356051E+11 5.38470104E+11 5.79238316E+11 6.44767853E+11
 7.28582286E+11 7.89536996E+11 8.57458331E+11 1.03167312E+12 1.11475069E+12
 1.34737466E+12 1.67742597E+12 2.06168781E+12 2.53604520E+12 3.00045845E+12
 3.45108249E+12 4.00695206E+12 4.70434375E+12 5.59714790E+12 6.76849624E+12
 8.09430262E+12 1.05828960E+13 1.38884782E+13 1.91608808E+13 3.04965900E+13
 4.87306155E+13 7.43086962E+13 9.73584631E+13 1.36459103E+14 1.68054692E+14
 2.39350595E+14 3.08025255E+14 3.78496245E+14 4.50578801E+14 5.52896205E+14
 6.57613100E+14 8.02370879E+14 8.97140367E+14 1.71471961E+15 3.83537685E+15
 6.84103084E+15 1.18964051E+16 7.36457711E+10 7.36457711E+10 6.48183314E+10
 5.98856319E+10 5.39881455E+10 5.14173152E+10 5.00168685E+10 4.94137156E+10
 4.87843293E+10 4.72959854E+10 4.53522072E+10 4.36653508E+10 4.21443639E+10
 4.11357707E+10 4.01682562E+10 3.93739845E+10 3.90591197E+10 3.86589941E+10
 3.85638285E+10 3.86958014E+10 3.90386815E+10 3.93202700E+10 3.94303955E+10
 3.96118942E+10 4.01228488E+10 4.07816235E+10 4.16264218E+10 4.27049953E+10
 4.40776499E+10 4.58210230E+10 4.80331517E+10 5.08403205E+10 5.44068764E+10
 5.89402602E+10 6.36227051E+10 6.62474158E+10 6.91459039E+10 7.23498787E+10
 7.58952153E+10 7.98227894E+10 8.41792403E+10 8.82950832E+10 9.44007421E+10
 1.00397771E+11 1.07090044E+11 1.14571908E+11 1.22954131E+11 1.32366089E+11
 1.42960425E+11 1.68446951E+11 1.83807490E+11 2.01301755E+11 2.21298121E+11
 2.44243883E+11 2.70686703E+11 3.03670276E+11 3.39697346E+11 3.81882697E+11
 4.12876989E+11 4.59810163E+11 5.24282596E+11 5.61199646E+11 6.01759109E+11
 6.66968408E+11 7.50397848E+11 8.11088057E+11 8.78728409E+11 1.05227931E+12
 1.13506488E+12 1.36693863E+12 1.69605715E+12 2.07937106E+12 2.55270035E+12
 3.01621419E+12 3.46602822E+12 4.02095082E+12 4.71721071E+12 5.60863780E+12
 6.77830600E+12 8.10241455E+12 1.05884459E+13 1.38916447E+13 1.91616195E+13
 3.04972943E+13 4.87312848E+13 7.43093316E+13 9.73590735E+13 1.36459669E+14
 1.68055221E+14 2.39351051E+14 3.08025654E+14 3.78496594E+14 4.50579107E+14
 5.52896460E+14 6.57613310E+14 8.02371038E+14 8.97140497E+14 1.71471970E+15
 3.83537689E+15 6.84103085E+15 1.18964051E+16 3.34814565E+11 3.34814565E+11
 3.02641319E+11 2.85016263E+11 2.60259708E+11 2.46895139E+11 2.30243881E+11
 2.19244022E+11 2.10865686E+11 1.96911709E+11 1.86851153E+11 1.79191632E+11
 1.72740861E+11 1.68426514E+11 1.64238311E+11 1.60578658E+11 1.58986555E+11
 1.56328512E+11 1.54498025E+11 1.53268272E+11 1.52448744E+11 1.52159716E+11
 1.52080993E+11 1.51981527E+11 1.51848972E+11 1.51884275E+11 1.52129237E+11
 1.52635408E+11 1.53466818E+11 1.54703713E+11 1.56447573E+11 1.58827922E+11
 1.62011852E+11 1.66209299E+11 1.70649752E+11 1.73169644E+11 1.75971071E+11
 1.79085698E+11 1.82549245E+11 1.86402365E+11 1.90691379E+11 1.94754638E+11
 2.00797502E+11 2.06747391E+11 2.13401793E+11 2.20856873E+11 2.29224734E+11
 2.38632992E+11 2.49223993E+11 2.74685611E+11 2.90024758E+11 3.07490195E+11
 3.27449605E+11 3.50349850E+11 3.76738497E+11 4.09655010E+11 4.45612588E+11
 4.87724880E+11 5.18672584E+11 5.65548372E+11 6.29969480E+11 6.66873164E+11
 7.07426540E+11 7.72593336E+11 8.55891615E+11 9.16446954E+11 9.83909226E+11
 1.15692946E+12 1.23944427E+12 1.47056281E+12 1.79868773E+12 2.18099855E+12
 2.65328189E+12 3.11593771E+12 3.56506601E+12 4.11932610E+12 4.81499268E+12
 5.70594940E+12 6.87531276E+12 8.19927644E+12 1.06851087E+13 1.39879019E+13
 1.92570610E+13 3.05882881E+13 4.88177598E+13 7.43914314E+13 9.74379402E+13
 1.36532837E+14 1.68123623E+14 2.39409968E+14 3.08077172E+14 3.78541730E+14
 4.50618672E+14 5.52929399E+14 6.57640462E+14 8.02391575E+14 8.97157343E+14
 1.71473125E+15 3.83538233E+15 6.84103199E+15 1.18964061E+16 1.03518241E+12
 1.03518241E+12 9.42376313E+11 8.91556660E+11 8.19209285E+11 7.78569384E+11
 7.25229590E+11 6.91068838E+11 6.66683768E+11 6.28479955E+11 6.02166670E+11
 5.81754247E+11 5.63939599E+11 5.51540613E+11 5.38939579E+11 5.27191323E+11
 5.21754126E+11 5.11910441E+11 5.04116398E+11 4.97835765E+11 4.92313442E+11
 4.89521511E+11 4.88583362E+11 4.87168790E+11 4.83841869E+11 4.80496710E+11
 4.77162591E+11 4.73878584E+11 4.70696501E+11 4.67684749E+11 4.64933785E+11
 4.62563698E+11 4.60733861E+11 4.59649400E+11 4.59508718E+11 4.59750874E+11
 4.60231865E+11 4.60983745E+11 4.62042796E+11 4.63450358E+11 4.65253518E+11
 4.67154790E+11 4.70270189E+11 4.73614702E+11 4.77619825E+11 4.82378886E+11
 4.88000435E+11 4.94611196E+11 5.02361364E+11 5.22014771E+11 5.34380336E+11
 5.48820619E+11 5.65699669E+11 5.85458991E+11 6.08640097E+11 6.38037511E+11
 6.70623330E+11 7.09266987E+11 7.37927275E+11 7.81672058E+11 8.42304115E+11
 8.77248276E+11 9.15796823E+11 9.78063009E+11 1.05815193E+12 1.11665680E+12
 1.18206385E+12 1.35065985E+12 1.43140039E+12 1.65836226E+12 1.98203255E+12
 2.36051781E+12 2.82934949E+12 3.28953199E+12 3.73688246E+12 4.28957458E+12
 4.98396096E+12 5.87399344E+12 7.04281147E+12 8.36653744E+12 1.08520538E+13
 1.41542001E+13 1.94218512E+13 3.07493500E+13 4.89738093E+13 7.45420137E+13
 9.75844949E+13 1.36674066E+14 1.68261523E+14 2.39542016E+14 3.08204861E+14
 3.78665724E+14 4.50739415E+14 5.53046285E+14 6.57753728E+14 8.02500598E+14
 8.97263865E+14 1.71480434E+15 3.83541670E+15 6.84103922E+15 1.18964124E+16
 3.33618534E+12 3.33618534E+12 3.01645062E+12 2.83718438E+12 2.58931190E+12
 2.45212889E+12 2.28494351E+12 2.17631199E+12 2.09755830E+12 1.97481680E+12
 1.89469783E+12 1.83654074E+12 1.78794338E+12 1.75493317E+12 1.72153585E+12
 1.69011571E+12 1.67531666E+12 1.64792857E+12 1.62551143E+12 1.60681391E+12
 1.58975568E+12 1.58085066E+12 1.57782294E+12 1.57321926E+12 1.56218139E+12
 1.55071611E+12 1.53880901E+12 1.52645097E+12 1.51363953E+12 1.50038132E+12
 1.48669642E+12 1.47262515E+12 1.45823522E+12 1.44362727E+12 1.43146661E+12
 1.42561796E+12 1.41980846E+12 1.41406062E+12 1.40840111E+12 1.40286142E+12
 1.39747872E+12 1.39302328E+12 1.38736798E+12 1.38274921E+12 1.37850831E+12
 1.37472551E+12 1.37149597E+12 1.36893281E+12 1.36717230E+12 1.36673491E+12
 1.36849333E+12 1.37193250E+12 1.37740427E+12 1.38533806E+12 1.39626544E+12
 1.41204914E+12 1.43147251E+12 1.45650946E+12 1.47618985E+12 1.50767995E+12
 1.55361344E+12 1.58104947E+12 1.61198445E+12 1.66319515E+12 1.73085594E+12
 1.78126307E+12 1.83838332E+12 1.98838454E+12 2.06130295E+12 2.26891944E+12
 2.56987159E+12 2.92672119E+12 3.37394592E+12 3.81693695E+12 4.25022074E+12
 4.78805131E+12 5.46660746E+12 6.33964973E+12 7.49014398E+12 8.79706664E+12
 1.12587370E+13 1.45389370E+13 1.97837471E+13 3.10831013E+13 4.92821127E+13
 7.48277420E+13 9.78563741E+13 1.36931012E+14 1.68511152E+14 2.39781109E+14
 3.08437405E+14 3.78893382E+14 4.50963173E+14 5.53265960E+14 6.57969647E+14
 8.02712649E+14 8.97473784E+14 1.71500023E+15 3.83560629E+15 6.84122823E+15
 1.18965783E+16 1.47051156E+13 1.47051156E+13 1.32258307E+13 1.24118739E+13
 1.13009207E+13 1.06905605E+13 9.95069668E+12 9.48005538E+12 9.14540339E+12
 8.63218294E+12 8.30321655E+12 8.06872040E+12 7.87539953E+12 7.74547125E+12
 7.61520786E+12 7.49388354E+12 7.43725279E+12 7.33342353E+12 7.24951943E+12
 7.18037677E+12 7.11796972E+12 7.08562440E+12 7.07466209E+12 7.05803474E+12
 7.01834639E+12 6.97734166E+12 6.93491965E+12 6.89097362E+12 6.84538372E+12
 6.79801409E+12 6.74871158E+12 6.69730676E+12 6.64360808E+12 6.58739477E+12
 6.53873368E+12 6.51452042E+12 6.48981288E+12 6.46459314E+12 6.43884301E+12
 6.41254450E+12 6.38567974E+12 6.36218889E+12 6.33018692E+12 6.30154775E+12
 6.27232114E+12 6.24251954E+12 6.21216381E+12 6.18128450E+12 6.14992565E+12
 6.08600381E+12 6.05362623E+12 6.02112892E+12 5.98868582E+12 5.95651551E+12
 5.92490406E+12 5.89207634E+12 5.86293023E+12 5.83587701E+12 5.81998239E+12
 5.80117723E+12 5.78374983E+12 5.77737075E+12 5.77290500E+12 5.77050888E+12
 5.77461451E+12 5.78185451E+12 5.79354008E+12 5.83785128E+12 5.86503778E+12
 5.95732660E+12 6.11962032E+12 6.34148387E+12 6.64942097E+12 6.97721857E+12
 7.31430325E+12 7.75033551E+12 8.32169170E+12 9.08240673E+12 1.01157660E+13
 1.13188949E+13 1.36368415E+13 1.67845837E+13 2.18868334E+13 3.30016140E+13
 5.10392011E+13 7.64621749E+13 9.94232219E+13 1.38420613E+14 1.69956782E+14
 2.41157807E+14 3.09770872E+14 3.80194885E+14 4.52240039E+14 5.54517761E+14
 6.59200523E+14 8.03923469E+14 8.98674537E+14 1.71614833E+15 3.83675690E+15
 6.84239604E+15 1.18977596E+16 4.91097716E+13 4.91097716E+13 4.38180223E+13
 4.08763855E+13 3.68126720E+13 3.45726642E+13 3.18501729E+13 3.01131004E+13
 2.88793667E+13 2.69853871E+13 2.57734305E+13 2.49099012E+13 2.42023957E+13
 2.37309681E+13 2.32619555E+13 2.28284606E+13 2.26270968E+13 2.22589891E+13
 2.19624555E+13 2.17186550E+13 2.14988279E+13 2.13849278E+13 2.13463224E+13
 2.12877707E+13 2.11480289E+13 2.10036809E+13 2.08543806E+13 2.06997661E+13
 2.05394355E+13 2.03729380E+13 2.01997707E+13 2.00193834E+13 1.98311591E+13
 1.96344059E+13 1.94643580E+13 1.93798419E+13 1.92936681E+13 1.92057773E+13
 1.91161078E+13 1.90245963E+13 1.89311763E+13 1.88495335E+13 1.87383364E+13
 1.86387599E+13 1.85369570E+13 1.84328286E+13 1.83262706E+13 1.82171730E+13
 1.81054288E+13 1.78734327E+13 1.77529559E+13 1.76292795E+13 1.75022749E+13
 1.73717886E+13 1.72376798E+13 1.70898108E+13 1.69478240E+13 1.68019293E+13
 1.67060604E+13 1.65756889E+13 1.64200223E+13 1.63408527E+13 1.62608769E+13
 1.61454472E+13 1.60173506E+13 1.59356062E+13 1.58540684E+13 1.56820813E+13
 1.56155294E+13 1.54695988E+13 1.53395536E+13 1.52672831E+13 1.52589239E+13
 1.53124440E+13 1.54080262E+13 1.55718402E+13 1.58332242E+13 1.62375249E+13
 1.68576403E+13 1.76553999E+13 1.93437705E+13 2.18267883E+13 2.61424212E+13
 3.62344111E+13 5.34086926E+13 7.81986127E+13 1.00821406E+14 1.39445347E+14
 1.70778662E+14 2.41676662E+14 3.10108462E+14 3.80402166E+14 4.52351004E+14
 5.54527898E+14 6.59210172E+14 8.03932605E+14 8.98683408E+14 1.71615581E+15
 3.83676353E+15 6.84240238E+15 1.18977658E+16 1.35162394E+14 1.35162394E+14
 1.21899612E+14 1.14390865E+14 1.03777931E+14 9.78792349E+13 9.06729873E+13
 8.60578552E+13 8.27740549E+13 7.77367115E+13 7.45230237E+13 7.22403064E+13
 7.03723921E+13 6.91284578E+13 6.78908549E+13 6.67466129E+13 6.62148278E+13
 6.52425301E+13 6.44593524E+13 6.38152788E+13 6.32347590E+13 6.29338979E+13
 6.28319400E+13 6.26773300E+13 6.23084721E+13 6.19276802E+13 6.15340785E+13
 6.11267445E+13 6.07046409E+13 6.02665863E+13 5.98112382E+13 5.93370910E+13
 5.88424058E+13 5.83251714E+13 5.78778175E+13 5.76552910E+13 5.74282273E+13
 5.71964197E+13 5.69596444E+13 5.67176616E+13 5.64702087E+13 5.62535422E+13
 5.59577351E+13 5.56920674E+13 5.54196274E+13 5.51400149E+13 5.48528035E+13
 5.45575364E+13 5.42537448E+13 5.36182696E+13 5.32855090E+13 5.29418120E+13
 5.25865180E+13 5.22188575E+13 5.18380236E+13 5.14143871E+13 5.10032587E+13
 5.05757176E+13 5.02919482E+13 4.99024239E+13 4.94313880E+13 4.91890561E+13
 4.89421137E+13 4.85813621E+13 4.81737171E+13 4.79084258E+13 4.76386230E+13
 4.70453686E+13 4.68029100E+13 4.62267252E+13 4.55990021E+13 4.50546943E+13
 4.45652447E+13 4.42193177E+13 4.39731287E+13 4.37591226E+13 4.35952907E+13
 4.35096070E+13 4.35472660E+13 4.37128003E+13 4.42999786E+13 4.55934294E+13
 4.84379452E+13 5.62065812E+13 7.11232256E+13 9.40367595E+13 1.15522442E+14
 1.52846559E+14 1.83461666E+14 2.53229618E+14 3.20929051E+14 3.90671189E+14
 4.62184767E+14 5.63881565E+14 6.68114103E+14 8.12363325E+14 9.06869392E+14
 1.72305970E+15 3.84287495E+15 6.84824896E+15 1.19035145E+16 2.53821858E+14
 2.53821858E+14 2.29591931E+14 2.15763613E+14 1.95892673E+14 1.84720326E+14
 1.70895973E+14 1.62015069E+14 1.55657688E+14 1.45854506E+14 1.39558804E+14
 1.35066151E+14 1.31383309E+14 1.28925954E+14 1.26477508E+14 1.24211009E+14
 1.23157150E+14 1.21230305E+14 1.19678430E+14 1.18402917E+14 1.17253861E+14
 1.16658800E+14 1.16457199E+14 1.16151538E+14 1.15422529E+14 1.14670184E+14
 1.13892709E+14 1.13088214E+14 1.12254570E+14 1.11389357E+14 1.10489827E+14
 1.09552905E+14 1.08575051E+14 1.07552202E+14 1.06667193E+14 1.06226847E+14
 1.05777451E+14 1.05318597E+14 1.04849848E+14 1.04370742E+14 1.03880772E+14
 1.03451749E+14 1.02866049E+14 1.02340133E+14 1.01801002E+14 1.01247955E+14
 1.00680238E+14 1.00097038E+14 9.94975140E+13 9.82452017E+13 9.75904007E+13
 9.69147096E+13 9.62168061E+13 9.54950957E+13 9.47478487E+13 9.39166477E+13
 9.31099075E+13 9.22705092E+13 9.17125326E+13 9.09446091E+13 9.00115030E+13
 8.95288951E+13 8.90348678E+13 8.83082486E+13 8.74785236E+13 8.69326124E+13
 8.63718182E+13 8.51151256E+13 8.45903526E+13 8.33112907E+13 8.18519307E+13
 8.05095002E+13 7.92110676E+13 7.82092075E+13 7.74214057E+13 7.66355403E+13
 7.58661530E+13 7.51362734E+13 7.44831947E+13 7.40262688E+13 7.37135239E+13
 7.40460402E+13 7.55910859E+13 8.09155490E+13 9.22126674E+13 1.11256937E+14
 1.30329579E+14 1.64881104E+14 1.94041479E+14 2.61631445E+14 3.27932195E+14
 3.96618761E+14 4.67295058E+14 5.68066172E+14 6.71561143E+14 8.15009740E+14
 9.09090742E+14 1.72364712E+15 3.84324580E+15 6.84845860E+15 1.19035765E+16
 5.25597456E+14 5.25597456E+14 4.80247099E+14 4.53928393E+14 4.15067696E+14
 3.92508068E+14 3.64120281E+14 3.45616629E+14 3.32257641E+14 3.11513161E+14
 2.98080707E+14 2.88445135E+14 2.80511749E+14 2.75200743E+14 2.69897507E+14
 2.64979817E+14 2.62690910E+14 2.58503210E+14 2.55127555E+14 2.52351978E+14
 2.49850335E+14 2.48554799E+14 2.48115821E+14 2.47450208E+14 2.45862484E+14
 2.44223715E+14 2.42530095E+14 2.40777617E+14 2.38961773E+14 2.37077435E+14
 2.35118783E+14 2.33079305E+14 2.30951515E+14 2.28726830E+14 2.26802902E+14
 2.25845997E+14 2.24869690E+14 2.23873131E+14 2.22855406E+14 2.21815549E+14
 2.20752508E+14 2.19822046E+14 2.18552325E+14 2.17412731E+14 2.16244990E+14
 2.15047588E+14 2.13818889E+14 2.12557109E+14 2.11260396E+14 2.08552573E+14
 2.07136903E+14 2.05675961E+14 2.04166675E+14 2.02605328E+14 2.00987880E+14
 1.99187293E+14 1.97438842E+14 1.95618992E+14 1.94407998E+14 1.92738399E+14
 1.90703673E+14 1.89648182E+14 1.88565207E+14 1.86967229E+14 1.85134390E+14
 1.83923630E+14 1.82675748E+14 1.79863340E+14 1.78681660E+14 1.75780586E+14
 1.72424844E+14 1.69277626E+14 1.66150116E+14 1.63650889E+14 1.61608110E+14
 1.59473421E+14 1.57246135E+14 1.54934426E+14 1.52565711E+14 1.50583136E+14
 1.48132807E+14 1.46173041E+14 1.44739220E+14 1.45302362E+14 1.50774305E+14
 1.63631416E+14 1.78393429E+14 2.07114664E+14 2.32594625E+14 2.94008041E+14
 3.56026939E+14 4.21312524E+14 4.89203230E+14 5.86820156E+14 6.87755851E+14
 8.28392494E+14 9.20970970E+14 1.72678874E+15 3.84522917E+15 6.84957985E+15
 1.19039078E+16 1.20641649E+15 1.20641649E+15 1.13855089E+15 1.09551252E+15
 1.02415902E+15 9.80792413E+14 9.23259813E+14 8.84220253E+14 8.55070903E+14
 8.08565230E+14 7.77418776E+14 7.54597042E+14 7.35549078E+14 7.22655107E+14
 7.09666752E+14 6.97521559E+14 6.91831181E+14 6.81369559E+14 6.72886409E+14
 6.65874227E+14 6.59528316E+14 6.56231199E+14 6.55112491E+14 6.53414821E+14
 6.49358434E+14 6.45161442E+14 6.40813066E+14 6.36301875E+14 6.31615059E+14
 6.26738089E+14 6.21654529E+14 6.16346025E+14 6.10791536E+14 6.04967040E+14
 5.99916406E+14 5.97399809E+14 5.94829153E+14 5.92202067E+14 5.89516016E+14
 5.86768310E+14 5.83956033E+14 5.81491803E+14 5.78125056E+14 5.75099221E+14
 5.71994396E+14 5.68806042E+14 5.65529258E+14 5.62158714E+14 5.58688824E+14
 5.51422801E+14 5.47612945E+14 5.43673203E+14 5.39594432E+14 5.35365694E+14
 5.30974984E+14 5.26075232E+14 5.21303388E+14 5.16320688E+14 5.12997429E+14
 5.08407815E+14 5.02804125E+14 4.99893434E+14 4.96904581E+14 4.92490476E+14
 4.87422675E+14 4.84072398E+14 4.80617463E+14 4.72823706E+14 4.69545633E+14
 4.61486044E+14 4.52130505E+14 4.43299838E+14 4.34431032E+14 4.27243076E+14
 4.21280880E+14 4.14945313E+14 4.08184313E+14 4.00934708E+14 3.93118852E+14
 3.85895940E+14 3.75391979E+14 3.65337206E+14 3.54462326E+14 3.41693431E+14
 3.34609071E+14 3.35639024E+14 3.41689996E+14 3.57699043E+14 3.73979207E+14
 4.17444913E+14 4.65215590E+14 5.17976267E+14 5.74687807E+14 6.58524300E+14
 7.47268652E+14 8.73343858E+14 9.57540325E+14 1.72869421E+15 3.84643212E+15
 6.85025991E+15 1.19041087E+16 2.22297436E+15 2.22297436E+15 2.15778960E+15
 2.11575358E+15 2.04374342E+15 1.99809172E+15 1.93434357E+15 1.88862328E+15
 1.85290145E+15 1.79346363E+15 1.75112576E+15 1.71858174E+15 1.69044561E+15
 1.67084216E+15 1.65063283E+15 1.63129986E+15 1.62207691E+15 1.60486932E+15
 1.59065114E+15 1.57870023E+15 1.56772819E+15 1.56196515E+15 1.55999988E+15
 1.55700816E+15 1.54981379E+15 1.54230104E+15 1.53444246E+15 1.52620783E+15
 1.51756280E+15 1.50846782E+15 1.49887744E+15 1.48873918E+15 1.47799372E+15
 1.46659099E+15 1.45660091E+15 1.45158596E+15 1.44643754E+15 1.44114883E+15
 1.43571250E+15 1.43012068E+15 1.42436477E+15 1.41929353E+15 1.41232271E+15
 1.40601603E+15 1.39950387E+15 1.39277354E+15 1.38581128E+15 1.37860208E+15
 1.37112970E+15 1.35531726E+15 1.34693614E+15 1.33820453E+15 1.32909502E+15
 1.31957552E+15 1.30961025E+15 1.29839162E+15 1.28736617E+15 1.27574846E+15
 1.26793908E+15 1.25707282E+15 1.24367634E+15 1.23666073E+15 1.22941560E+15
 1.21863819E+15 1.20614903E+15 1.19782319E+15 1.18917816E+15 1.16945325E+15
 1.16106075E+15 1.14018192E+15 1.11549081E+15 1.09172471E+15 1.06739339E+15
 1.04732626E+15 1.03044353E+15 1.01226387E+15 9.92580782E+14 9.71131317E+14
 9.47570832E+14 9.25372654E+14 8.92169062E+14 8.58828553E+14 8.20152330E+14
 7.66941780E+14 7.18938988E+14 6.82636724E+14 6.64556969E+14 6.49721163E+14
 6.46547940E+14 6.55851937E+14 6.78598924E+14 7.10395265E+14 7.49005750E+14
 8.11117340E+14 8.81061164E+14 9.85044205E+14 1.05666829E+15 1.73385933E+15
 3.84969297E+15 6.85210333E+15 1.19046534E+16 4.59437706E+15 4.59437706E+15
 4.54598924E+15 4.51086647E+15 4.44560685E+15 4.40381517E+15 4.34761725E+15
 4.30858385E+15 4.27759129E+15 4.22537601E+15 4.18743706E+15 4.15801235E+15
 4.13240947E+15 4.11445059E+15 4.09580787E+15 4.07783237E+15 4.06919613E+15
 4.05298894E+15 4.03949805E+15 4.02808547E+15 4.01755216E+15 4.01199817E+15
 4.01010094E+15 4.00720972E+15 4.00024182E+15 3.99294239E+15 3.98528143E+15
 3.97722564E+15 3.96873699E+15 3.95977161E+15 3.95027871E+15 3.94019975E+15
 3.92946587E+15 3.91799603E+15 3.90786590E+15 3.90275218E+15 3.89748213E+15
 3.89204680E+15 3.88643660E+15 3.88064110E+15 3.87464890E+15 3.86934678E+15
 3.86202340E+15 3.85536198E+15 3.84844717E+15 3.84126116E+15 3.83378443E+15
 3.82599548E+15 3.81787058E+15 3.80050036E+15 3.79119296E+15 3.78142057E+15
 3.77114087E+15 3.76030459E+15 3.74885573E+15 3.73583534E+15 3.72290000E+15
 3.70911721E+15 3.69976224E+15 3.68662234E+15 3.67022134E+15 3.66154140E+15
 3.65251075E+15 3.63894943E+15 3.62303941E+15 3.61231482E+15 3.60107716E+15
 3.57504282E+15 3.56379318E+15 3.53534971E+15 3.50082532E+15 3.46663307E+15
 3.43057925E+15 3.39998264E+15 3.37359336E+15 3.34446916E+15 3.31204902E+15
 3.27558404E+15 3.23404616E+15 3.19331479E+15 3.12945969E+15 3.06173648E+15
 2.97796160E+15 2.85116955E+15 2.71948881E+15 2.60091593E+15 2.52759598E+15
 2.44086826E+15 2.39233872E+15 2.32204789E+15 2.28624915E+15 2.26901408E+15
 2.26532450E+15 2.27674274E+15 2.30290442E+15 2.35555987E+15 2.39804014E+15
 2.89853168E+15 4.58497405E+15 7.26777384E+15 1.20274747E+16 7.88281351E+15
 7.88281351E+15 7.84462425E+15 7.81936421E+15 7.77579910E+15 7.74765457E+15
 7.70724306E+15 7.67646846E+15 7.65175741E+15 7.60985839E+15 7.57922055E+15
 7.55509871E+15 7.53378942E+15 7.51866869E+15 7.50282114E+15 7.48738783E+15
 7.47990954E+15 7.46576738E+15 7.45387786E+15 7.44372897E+15 7.43428579E+15
 7.42927562E+15 7.42755919E+15 7.42493857E+15 7.41859738E+15 7.41191355E+15
 7.40484986E+15 7.39736316E+15 7.38940189E+15 7.38090318E+15 7.37179076E+15
 7.36196249E+15 7.35131703E+15 7.33999837E+15 7.33019860E+15 7.32529837E+15
 7.32027959E+15 7.31513382E+15 7.30985198E+15 7.30442437E+15 7.29884047E+15
 7.29392136E+15 7.28715743E+15 7.28103272E+15 7.27470007E+15 7.26814321E+15
 7.26134429E+15 7.25428355E+15 7.24693937E+15 7.23129628E+15 7.22294055E+15
 7.21418210E+15 7.20498180E+15 7.19529380E+15 7.18506591E+15 7.17343918E+15
 7.16188934E+15 7.14957936E+15 7.14122004E+15 7.12947064E+15 7.11478860E+15
 7.10700954E+15 7.09890891E+15 7.08672917E+15 7.07241436E+15 7.06274700E+15
 7.05259943E+15 7.02901242E+15 7.01878311E+15 6.99281043E+15 6.96105884E+15
 6.92935516E+15 6.89564281E+15 6.86680265E+15 6.84175153E+15 6.81390620E+15
 6.78265861E+15 6.74719064E+15 6.70636778E+15 6.66592027E+15 6.60139840E+15
 6.53095923E+15 6.44058088E+15 6.29564599E+15 6.13090361E+15 5.96616994E+15
 5.85418663E+15 5.70845283E+15 5.61709195E+15 5.46701677E+15 5.36849433E+15
 5.29347184E+15 5.23638845E+15 5.17954351E+15 5.14299125E+15 5.11787161E+15
 5.11404541E+15 5.30460926E+15 6.48646293E+15 8.72580845E+15 1.30140183E+16
 1.39511544E+16 1.39511544E+16 1.39235622E+16 1.39068809E+16 1.38816097E+16
 1.38642109E+16 1.38386239E+16 1.38177282E+16 1.38009983E+16 1.37726974E+16
 1.37521811E+16 1.37357640E+16 1.37209992E+16 1.37104077E+16 1.36992457E+16
 1.36883441E+16 1.36830555E+16 1.36730600E+16 1.36646688E+16 1.36575203E+16
 1.36508859E+16 1.36473737E+16 1.36461719E+16 1.36443384E+16 1.36399095E+16
 1.36352546E+16 1.36303523E+16 1.36251786E+16 1.36197062E+16 1.36139036E+16
 1.36077344E+16 1.36011564E+16 1.35941202E+16 1.35865676E+16 1.35798693E+16
 1.35764783E+16 1.35729770E+16 1.35693592E+16 1.35656179E+16 1.35617458E+16
 1.35577347E+16 1.35541793E+16 1.35492591E+16 1.35447737E+16 1.35401068E+16
 1.35352444E+16 1.35301713E+16 1.35248704E+16 1.35193226E+16 1.35073966E+16
 1.35009680E+16 1.34941883E+16 1.34870228E+16 1.34794308E+16 1.34713659E+16
 1.34621385E+16 1.34529121E+16 1.34430155E+16 1.34362593E+16 1.34267163E+16
 1.34147173E+16 1.34083277E+16 1.34016511E+16 1.33915699E+16 1.33796572E+16
 1.33715722E+16 1.33630500E+16 1.33430991E+16 1.33343837E+16 1.33120848E+16
 1.32844933E+16 1.32565902E+16 1.32265489E+16 1.32005537E+16 1.31777477E+16
 1.31521397E+16 1.31230615E+16 1.30895842E+16 1.30503843E+16 1.30105198E+16
 1.29468215E+16 1.28793596E+16 1.27936737E+16 1.26559936E+16 1.24964723E+16
 1.23311146E+16 1.22141421E+16 1.20562809E+16 1.19515253E+16 1.18072757E+16
 1.17397368E+16 1.16884199E+16 1.16521811E+16 1.16203113E+16 1.16052705E+16
 1.16052413E+16 1.16155754E+16 1.18900935E+16 1.31819049E+16 1.54971999E+16
 1.98488737E+16 2.06343566E+16 2.06343566E+16 2.06421019E+16 2.06469740E+16
 2.06534919E+16 2.06536621E+16 2.06506103E+16 2.06463401E+16 2.06423418E+16
 2.06344874E+16 2.06277830E+16 2.06216560E+16 2.06156501E+16 2.06110855E+16
 2.06060792E+16 2.06010166E+16 2.05984977E+16 2.05936461E+16 2.05894808E+16
 2.05858663E+16 2.05824616E+16 2.05806399E+16 2.05800135E+16 2.05790551E+16
 2.05767261E+16 2.05742572E+16 2.05716339E+16 2.05688404E+16 2.05658580E+16
 2.05626657E+16 2.05592387E+16 2.05555486E+16 2.05515617E+16 2.05472388E+16
 2.05433688E+16 2.05413973E+16 2.05393533E+16 2.05372324E+16 2.05350301E+16
 2.05327413E+16 2.05303605E+16 2.05282422E+16 2.05252985E+16 2.05226028E+16
 2.05197859E+16 2.05168382E+16 2.05137489E+16 2.05105060E+16 2.05070962E+16
 2.04997126E+16 2.04957029E+16 2.04914524E+16 2.04869363E+16 2.04821255E+16
 2.04769865E+16 2.04710717E+16 2.04651213E+16 2.04586997E+16 2.04542933E+16
 2.04480390E+16 2.04401264E+16 2.04358913E+16 2.04314502E+16 2.04247151E+16
 2.04167108E+16 2.04112488E+16 2.04054644E+16 2.03918106E+16 2.03857956E+16
 2.03702687E+16 2.03507910E+16 2.03308203E+16 2.03090536E+16 2.02900279E+16
 2.02732062E+16 2.02541869E+16 2.02324471E+16 2.02072751E+16 2.01776728E+16
 2.01477062E+16 2.00986297E+16 2.00431810E+16 1.99690765E+16 1.98434768E+16
 1.96903224E+16 1.95248386E+16 1.94038371E+16 1.92360093E+16 1.91181489E+16
 1.90065355E+16 1.90146540E+16 1.90200873E+16 1.90320557E+16 1.90566166E+16
 1.90891512E+16 1.91435962E+16 1.91842085E+16 1.96333837E+16 2.11448823E+16
 2.36064561E+16 2.80769418E+16 0.00000000E+00 0.00000000E+00 0.00000000E+00
